SimulationName	SimulationDate	Date	Day	Month	Year	JulianDay	idZone	zoneName	idCell	x	y	monthYield	monthLai	monthEai	monthBiomass	monthDirectPar	monthDiffusePar	monthDirectParIntercepted	monthDiffuseParIntercepted	monthDirectParIncident	monthDiffuseParIncident	monthRelativeDirectParIncident	monthRelativeDiffuseParIncident	monthRelativeTotalParIncident	monthVisibleSky	
forestry	Fri Nov 07 14:35:37 CET 2025	28/1/2000	28	1	2000	28	1	main	1	0.0000000000000000e+00	2.0000000000000000e+00	0.00000e+00	0.00000e+00	0.00000e+00	0.00000e+00	2.73074e+02	1.55696e+02	0.00000e+00	0.00000e+00	0.00000e+00	0.00000e+00	0.00000e+00	0.00000e+00	0.00000e+00	2.69968e+01	
forestry	Fri Nov 07 14:35:37 CET 2025	28/1/2000	28	1	2000	28	1	main	2	1.0000000000000000e+00	2.0000000000000000e+00	0.00000e+00	0.00000e+00	0.00000e+00	0.00000e+00	2.73074e+02	1.55696e+02	0.00000e+00	0.00000e+00	0.00000e+00	0.00000e+00	0.00000e+00	0.00000e+00	0.00000e+00	2.69941e+01	
forestry	Fri Nov 07 14:35:37 CET 2025	28/1/2000	28	1	2000	28	1	main	3	2.0000000000000000e+00	2.0000000000000000e+00	0.00000e+00	0.00000e+00	0.00000e+00	0.00000e+00	2.73074e+02	1.55696e+02	0.00000e+00	0.00000e+00	0.00000e+00	0.00000e+00	0.00000e+00	0.00000e+00	0.00000e+00	2.69968e+01	
forestry	Fri Nov 07 14:35:37 CET 2025	28/1/2000	28	1	2000	28	1	main	4	0.0000000000000000e+00	1.0000000000000000e+00	0.00000e+00	0.00000e+00	0.00000e+00	0.00000e+00	2.73074e+02	1.55696e+02	0.00000e+00	0.00000e+00	0.00000e+00	0.00000e+00	0.00000e+00	0.00000e+00	0.00000e+00	2.69941e+01	
forestry	Fri Nov 07 14:35:37 CET 2025	28/1/2000	28	1	2000	28	1	main	5	1.0000000000000000e+00	1.0000000000000000e+00	0.00000e+00	0.00000e+00	0.00000e+00	0.00000e+00	2.73074e+02	1.55696e+02	0.00000e+00	0.00000e+00	0.00000e+00	0.00000e+00	0.00000e+00	0.00000e+00	0.00000e+00	2.69798e+01	
forestry	Fri Nov 07 14:35:37 CET 2025	28/1/2000	28	1	2000	28	1	main	6	2.0000000000000000e+00	1.0000000000000000e+00	0.00000e+00	0.00000e+00	0.00000e+00	0.00000e+00	2.73074e+02	1.55696e+02	0.00000e+00	0.00000e+00	0.00000e+00	0.00000e+00	0.00000e+00	0.00000e+00	0.00000e+00	2.69941e+01	
forestry	Fri Nov 07 14:35:37 CET 2025	28/1/2000	28	1	2000	28	1	main	7	0.0000000000000000e+00	0.0000000000000000e+00	0.00000e+00	0.00000e+00	0.00000e+00	0.00000e+00	2.73074e+02	1.55696e+02	0.00000e+00	0.00000e+00	0.00000e+00	0.00000e+00	0.00000e+00	0.00000e+00	0.00000e+00	2.69968e+01	
forestry	Fri Nov 07 14:35:37 CET 2025	28/1/2000	28	1	2000	28	1	main	8	1.0000000000000000e+00	0.0000000000000000e+00	0.00000e+00	0.00000e+00	0.00000e+00	0.00000e+00	2.73074e+02	1.55696e+02	0.00000e+00	0.00000e+00	0.00000e+00	0.00000e+00	0.00000e+00	0.00000e+00	0.00000e+00	2.69941e+01	
forestry	Fri Nov 07 14:35:37 CET 2025	28/1/2000	28	1	2000	28	1	main	9	2.0000000000000000e+00	0.0000000000000000e+00	0.00000e+00	0.00000e+00	0.00000e+00	0.00000e+00	2.73074e+02	1.55696e+02	0.00000e+00	0.00000e+00	0.00000e+00	0.00000e+00	0.00000e+00	0.00000e+00	0.00000e+00	2.69968e+01	
forestry	Fri Nov 07 14:35:37 CET 2025	28/2/2000	28	2	2000	59	1	main	1	0.0000000000000000e+00	2.0000000000000000e+00	0.00000e+00	0.00000e+00	0.00000e+00	0.00000e+00	3.78153e+02	2.30916e+02	0.00000e+00	0.00000e+00	0.00000e+00	0.00000e+00	0.00000e+00	0.00000e+00	0.00000e+00	2.69968e+01	
forestry	Fri Nov 07 14:35:37 CET 2025	28/2/2000	28	2	2000	59	1	main	2	1.0000000000000000e+00	2.0000000000000000e+00	0.00000e+00	0.00000e+00	0.00000e+00	0.00000e+00	3.78153e+02	2.30916e+02	0.00000e+00	0.00000e+00	0.00000e+00	0.00000e+00	0.00000e+00	0.00000e+00	0.00000e+00	2.69941e+01	
forestry	Fri Nov 07 14:35:37 CET 2025	28/2/2000	28	2	2000	59	1	main	3	2.0000000000000000e+00	2.0000000000000000e+00	0.00000e+00	0.00000e+00	0.00000e+00	0.00000e+00	3.78153e+02	2.30916e+02	0.00000e+00	0.00000e+00	0.00000e+00	0.00000e+00	0.00000e+00	0.00000e+00	0.00000e+00	2.69968e+01	
forestry	Fri Nov 07 14:35:37 CET 2025	28/2/2000	28	2	2000	59	1	main	4	0.0000000000000000e+00	1.0000000000000000e+00	0.00000e+00	0.00000e+00	0.00000e+00	0.00000e+00	3.78153e+02	2.30916e+02	0.00000e+00	0.00000e+00	0.00000e+00	0.00000e+00	0.00000e+00	0.00000e+00	0.00000e+00	2.69941e+01	
forestry	Fri Nov 07 14:35:37 CET 2025	28/2/2000	28	2	2000	59	1	main	5	1.0000000000000000e+00	1.0000000000000000e+00	0.00000e+00	0.00000e+00	0.00000e+00	0.00000e+00	3.78153e+02	2.30916e+02	0.00000e+00	0.00000e+00	0.00000e+00	0.00000e+00	0.00000e+00	0.00000e+00	0.00000e+00	2.69798e+01	
forestry	Fri Nov 07 14:35:37 CET 2025	28/2/2000	28	2	2000	59	1	main	6	2.0000000000000000e+00	1.0000000000000000e+00	0.00000e+00	0.00000e+00	0.00000e+00	0.00000e+00	3.78153e+02	2.30916e+02	0.00000e+00	0.00000e+00	0.00000e+00	0.00000e+00	0.00000e+00	0.00000e+00	0.00000e+00	2.69941e+01	
forestry	Fri Nov 07 14:35:37 CET 2025	28/2/2000	28	2	2000	59	1	main	7	0.0000000000000000e+00	0.0000000000000000e+00	0.00000e+00	0.00000e+00	0.00000e+00	0.00000e+00	3.78153e+02	2.30916e+02	0.00000e+00	0.00000e+00	0.00000e+00	0.00000e+00	0.00000e+00	0.00000e+00	0.00000e+00	2.69968e+01	
forestry	Fri Nov 07 14:35:37 CET 2025	28/2/2000	28	2	2000	59	1	main	8	1.0000000000000000e+00	0.0000000000000000e+00	0.00000e+00	0.00000e+00	0.00000e+00	0.00000e+00	3.78153e+02	2.30916e+02	0.00000e+00	0.00000e+00	0.00000e+00	0.00000e+00	0.00000e+00	0.00000e+00	0.00000e+00	2.69941e+01	
forestry	Fri Nov 07 14:35:37 CET 2025	28/2/2000	28	2	2000	59	1	main	9	2.0000000000000000e+00	0.0000000000000000e+00	0.00000e+00	0.00000e+00	0.00000e+00	0.00000e+00	3.78153e+02	2.30916e+02	0.00000e+00	0.00000e+00	0.00000e+00	0.00000e+00	0.00000e+00	0.00000e+00	0.00000e+00	2.69968e+01	
forestry	Fri Nov 07 14:35:37 CET 2025	28/3/2000	28	3	2000	88	1	main	1	0.0000000000000000e+00	2.0000000000000000e+00	0.00000e+00	0.00000e+00	0.00000e+00	0.00000e+00	5.78801e+02	3.37579e+02	0.00000e+00	0.00000e+00	0.00000e+00	0.00000e+00	0.00000e+00	0.00000e+00	0.00000e+00	2.69968e+01	
forestry	Fri Nov 07 14:35:37 CET 2025	28/3/2000	28	3	2000	88	1	main	2	1.0000000000000000e+00	2.0000000000000000e+00	0.00000e+00	0.00000e+00	0.00000e+00	0.00000e+00	5.78801e+02	3.37579e+02	0.00000e+00	0.00000e+00	0.00000e+00	0.00000e+00	0.00000e+00	0.00000e+00	0.00000e+00	2.69941e+01	
forestry	Fri Nov 07 14:35:37 CET 2025	28/3/2000	28	3	2000	88	1	main	3	2.0000000000000000e+00	2.0000000000000000e+00	0.00000e+00	0.00000e+00	0.00000e+00	0.00000e+00	5.78801e+02	3.37579e+02	0.00000e+00	0.00000e+00	0.00000e+00	0.00000e+00	0.00000e+00	0.00000e+00	0.00000e+00	2.69968e+01	
forestry	Fri Nov 07 14:35:37 CET 2025	28/3/2000	28	3	2000	88	1	main	4	0.0000000000000000e+00	1.0000000000000000e+00	0.00000e+00	0.00000e+00	0.00000e+00	0.00000e+00	5.78801e+02	3.37579e+02	0.00000e+00	0.00000e+00	0.00000e+00	0.00000e+00	0.00000e+00	0.00000e+00	0.00000e+00	2.69941e+01	
forestry	Fri Nov 07 14:35:37 CET 2025	28/3/2000	28	3	2000	88	1	main	5	1.0000000000000000e+00	1.0000000000000000e+00	0.00000e+00	0.00000e+00	0.00000e+00	0.00000e+00	5.78801e+02	3.37579e+02	0.00000e+00	0.00000e+00	0.00000e+00	0.00000e+00	0.00000e+00	0.00000e+00	0.00000e+00	2.69798e+01	
forestry	Fri Nov 07 14:35:37 CET 2025	28/3/2000	28	3	2000	88	1	main	6	2.0000000000000000e+00	1.0000000000000000e+00	0.00000e+00	0.00000e+00	0.00000e+00	0.00000e+00	5.78801e+02	3.37579e+02	0.00000e+00	0.00000e+00	0.00000e+00	0.00000e+00	0.00000e+00	0.00000e+00	0.00000e+00	2.69941e+01	
forestry	Fri Nov 07 14:35:37 CET 2025	28/3/2000	28	3	2000	88	1	main	7	0.0000000000000000e+00	0.0000000000000000e+00	0.00000e+00	0.00000e+00	0.00000e+00	0.00000e+00	5.78801e+02	3.37579e+02	0.00000e+00	0.00000e+00	0.00000e+00	0.00000e+00	0.00000e+00	0.00000e+00	0.00000e+00	2.69968e+01	
forestry	Fri Nov 07 14:35:37 CET 2025	28/3/2000	28	3	2000	88	1	main	8	1.0000000000000000e+00	0.0000000000000000e+00	0.00000e+00	0.00000e+00	0.00000e+00	0.00000e+00	5.78801e+02	3.37579e+02	0.00000e+00	0.00000e+00	0.00000e+00	0.00000e+00	0.00000e+00	0.00000e+00	0.00000e+00	2.69941e+01	
forestry	Fri Nov 07 14:35:37 CET 2025	28/3/2000	28	3	2000	88	1	main	9	2.0000000000000000e+00	0.0000000000000000e+00	0.00000e+00	0.00000e+00	0.00000e+00	0.00000e+00	5.78801e+02	3.37579e+02	0.00000e+00	0.00000e+00	0.00000e+00	0.00000e+00	0.00000e+00	0.00000e+00	0.00000e+00	2.69968e+01	
forestry	Fri Nov 07 14:35:37 CET 2025	28/4/2000	28	4	2000	119	1	main	1	0.0000000000000000e+00	2.0000000000000000e+00	0.00000e+00	0.00000e+00	0.00000e+00	0.00000e+00	5.74425e+02	4.37423e+02	0.00000e+00	0.00000e+00	0.00000e+00	0.00000e+00	0.00000e+00	0.00000e+00	0.00000e+00	2.69968e+01	
forestry	Fri Nov 07 14:35:37 CET 2025	28/4/2000	28	4	2000	119	1	main	2	1.0000000000000000e+00	2.0000000000000000e+00	0.00000e+00	0.00000e+00	0.00000e+00	0.00000e+00	5.74425e+02	4.37423e+02	0.00000e+00	0.00000e+00	0.00000e+00	0.00000e+00	0.00000e+00	0.00000e+00	0.00000e+00	2.69941e+01	
forestry	Fri Nov 07 14:35:37 CET 2025	28/4/2000	28	4	2000	119	1	main	3	2.0000000000000000e+00	2.0000000000000000e+00	0.00000e+00	0.00000e+00	0.00000e+00	0.00000e+00	5.74425e+02	4.37423e+02	0.00000e+00	0.00000e+00	0.00000e+00	0.00000e+00	0.00000e+00	0.00000e+00	0.00000e+00	2.69968e+01	
forestry	Fri Nov 07 14:35:37 CET 2025	28/4/2000	28	4	2000	119	1	main	4	0.0000000000000000e+00	1.0000000000000000e+00	0.00000e+00	0.00000e+00	0.00000e+00	0.00000e+00	5.74425e+02	4.37423e+02	0.00000e+00	0.00000e+00	0.00000e+00	0.00000e+00	0.00000e+00	0.00000e+00	0.00000e+00	2.69941e+01	
forestry	Fri Nov 07 14:35:37 CET 2025	28/4/2000	28	4	2000	119	1	main	5	1.0000000000000000e+00	1.0000000000000000e+00	0.00000e+00	0.00000e+00	0.00000e+00	0.00000e+00	5.74425e+02	4.37423e+02	0.00000e+00	0.00000e+00	0.00000e+00	0.00000e+00	0.00000e+00	0.00000e+00	0.00000e+00	2.69798e+01	
forestry	Fri Nov 07 14:35:37 CET 2025	28/4/2000	28	4	2000	119	1	main	6	2.0000000000000000e+00	1.0000000000000000e+00	0.00000e+00	0.00000e+00	0.00000e+00	0.00000e+00	5.74425e+02	4.37423e+02	0.00000e+00	0.00000e+00	0.00000e+00	0.00000e+00	0.00000e+00	0.00000e+00	0.00000e+00	2.69941e+01	
forestry	Fri Nov 07 14:35:37 CET 2025	28/4/2000	28	4	2000	119	1	main	7	0.0000000000000000e+00	0.0000000000000000e+00	0.00000e+00	0.00000e+00	0.00000e+00	0.00000e+00	5.74425e+02	4.37423e+02	0.00000e+00	0.00000e+00	0.00000e+00	0.00000e+00	0.00000e+00	0.00000e+00	0.00000e+00	2.69968e+01	
forestry	Fri Nov 07 14:35:37 CET 2025	28/4/2000	28	4	2000	119	1	main	8	1.0000000000000000e+00	0.0000000000000000e+00	0.00000e+00	0.00000e+00	0.00000e+00	0.00000e+00	5.74425e+02	4.37423e+02	0.00000e+00	0.00000e+00	0.00000e+00	0.00000e+00	0.00000e+00	0.00000e+00	0.00000e+00	2.69941e+01	
forestry	Fri Nov 07 14:35:37 CET 2025	28/4/2000	28	4	2000	119	1	main	9	2.0000000000000000e+00	0.0000000000000000e+00	0.00000e+00	0.00000e+00	0.00000e+00	0.00000e+00	5.74425e+02	4.37423e+02	0.00000e+00	0.00000e+00	0.00000e+00	0.00000e+00	0.00000e+00	0.00000e+00	0.00000e+00	2.69968e+01	
forestry	Fri Nov 07 14:35:37 CET 2025	28/5/2000	28	5	2000	149	1	main	1	0.0000000000000000e+00	2.0000000000000000e+00	0.00000e+00	0.00000e+00	0.00000e+00	0.00000e+00	8.64590e+02	5.06728e+02	0.00000e+00	0.00000e+00	0.00000e+00	0.00000e+00	0.00000e+00	0.00000e+00	0.00000e+00	2.69398e+01	
forestry	Fri Nov 07 14:35:37 CET 2025	28/5/2000	28	5	2000	149	1	main	2	1.0000000000000000e+00	2.0000000000000000e+00	0.00000e+00	0.00000e+00	0.00000e+00	0.00000e+00	8.64590e+02	5.06728e+02	0.00000e+00	0.00000e+00	0.00000e+00	0.00000e+00	0.00000e+00	0.00000e+00	0.00000e+00	2.69015e+01	
forestry	Fri Nov 07 14:35:37 CET 2025	28/5/2000	28	5	2000	149	1	main	3	2.0000000000000000e+00	2.0000000000000000e+00	0.00000e+00	0.00000e+00	0.00000e+00	0.00000e+00	8.64590e+02	5.06728e+02	0.00000e+00	0.00000e+00	0.00000e+00	0.00000e+00	0.00000e+00	0.00000e+00	0.00000e+00	2.69398e+01	
forestry	Fri Nov 07 14:35:37 CET 2025	28/5/2000	28	5	2000	149	1	main	4	0.0000000000000000e+00	1.0000000000000000e+00	0.00000e+00	0.00000e+00	0.00000e+00	0.00000e+00	8.64590e+02	5.06728e+02	0.00000e+00	0.00000e+00	0.00000e+00	0.00000e+00	0.00000e+00	0.00000e+00	0.00000e+00	2.69015e+01	
forestry	Fri Nov 07 14:35:37 CET 2025	28/5/2000	28	5	2000	149	1	main	5	1.0000000000000000e+00	1.0000000000000000e+00	0.00000e+00	0.00000e+00	0.00000e+00	0.00000e+00	8.64590e+02	5.06728e+02	0.00000e+00	0.00000e+00	0.00000e+00	0.00000e+00	0.00000e+00	0.00000e+00	0.00000e+00	2.67049e+01	
forestry	Fri Nov 07 14:35:37 CET 2025	28/5/2000	28	5	2000	149	1	main	6	2.0000000000000000e+00	1.0000000000000000e+00	0.00000e+00	0.00000e+00	0.00000e+00	0.00000e+00	8.64590e+02	5.06728e+02	0.00000e+00	0.00000e+00	0.00000e+00	0.00000e+00	0.00000e+00	0.00000e+00	0.00000e+00	2.69015e+01	
forestry	Fri Nov 07 14:35:37 CET 2025	28/5/2000	28	5	2000	149	1	main	7	0.0000000000000000e+00	0.0000000000000000e+00	0.00000e+00	0.00000e+00	0.00000e+00	0.00000e+00	8.64590e+02	5.06728e+02	0.00000e+00	0.00000e+00	0.00000e+00	0.00000e+00	0.00000e+00	0.00000e+00	0.00000e+00	2.69398e+01	
forestry	Fri Nov 07 14:35:37 CET 2025	28/5/2000	28	5	2000	149	1	main	8	1.0000000000000000e+00	0.0000000000000000e+00	0.00000e+00	0.00000e+00	0.00000e+00	0.00000e+00	8.64590e+02	5.06728e+02	0.00000e+00	0.00000e+00	0.00000e+00	0.00000e+00	0.00000e+00	0.00000e+00	0.00000e+00	2.69015e+01	
forestry	Fri Nov 07 14:35:37 CET 2025	28/5/2000	28	5	2000	149	1	main	9	2.0000000000000000e+00	0.0000000000000000e+00	0.00000e+00	0.00000e+00	0.00000e+00	0.00000e+00	8.64590e+02	5.06728e+02	0.00000e+00	0.00000e+00	0.00000e+00	0.00000e+00	0.00000e+00	0.00000e+00	0.00000e+00	2.69398e+01	
forestry	Fri Nov 07 14:35:37 CET 2025	28/6/2000	28	6	2000	180	1	main	1	0.0000000000000000e+00	2.0000000000000000e+00	0.00000e+00	0.00000e+00	0.00000e+00	0.00000e+00	1.00225e+03	5.53432e+02	0.00000e+00	0.00000e+00	0.00000e+00	0.00000e+00	0.00000e+00	0.00000e+00	0.00000e+00	2.66821e+01	
forestry	Fri Nov 07 14:35:37 CET 2025	28/6/2000	28	6	2000	180	1	main	2	1.0000000000000000e+00	2.0000000000000000e+00	0.00000e+00	0.00000e+00	0.00000e+00	0.00000e+00	1.00225e+03	5.53432e+02	0.00000e+00	0.00000e+00	0.00000e+00	0.00000e+00	0.00000e+00	0.00000e+00	0.00000e+00	2.64655e+01	
forestry	Fri Nov 07 14:35:37 CET 2025	28/6/2000	28	6	2000	180	1	main	3	2.0000000000000000e+00	2.0000000000000000e+00	0.00000e+00	0.00000e+00	0.00000e+00	0.00000e+00	1.00225e+03	5.53432e+02	0.00000e+00	0.00000e+00	0.00000e+00	0.00000e+00	0.00000e+00	0.00000e+00	0.00000e+00	2.66821e+01	
forestry	Fri Nov 07 14:35:37 CET 2025	28/6/2000	28	6	2000	180	1	main	4	0.0000000000000000e+00	1.0000000000000000e+00	0.00000e+00	0.00000e+00	0.00000e+00	0.00000e+00	1.00225e+03	5.53432e+02	0.00000e+00	0.00000e+00	0.00000e+00	0.00000e+00	0.00000e+00	0.00000e+00	0.00000e+00	2.64655e+01	
forestry	Fri Nov 07 14:35:37 CET 2025	28/6/2000	28	6	2000	180	1	main	5	1.0000000000000000e+00	1.0000000000000000e+00	0.00000e+00	0.00000e+00	0.00000e+00	0.00000e+00	1.00225e+03	5.53432e+02	0.00000e+00	0.00000e+00	0.00000e+00	0.00000e+00	0.00000e+00	0.00000e+00	0.00000e+00	2.53506e+01	
forestry	Fri Nov 07 14:35:37 CET 2025	28/6/2000	28	6	2000	180	1	main	6	2.0000000000000000e+00	1.0000000000000000e+00	0.00000e+00	0.00000e+00	0.00000e+00	0.00000e+00	1.00225e+03	5.53432e+02	0.00000e+00	0.00000e+00	0.00000e+00	0.00000e+00	0.00000e+00	0.00000e+00	0.00000e+00	2.64655e+01	
forestry	Fri Nov 07 14:35:37 CET 2025	28/6/2000	28	6	2000	180	1	main	7	0.0000000000000000e+00	0.0000000000000000e+00	0.00000e+00	0.00000e+00	0.00000e+00	0.00000e+00	1.00225e+03	5.53432e+02	0.00000e+00	0.00000e+00	0.00000e+00	0.00000e+00	0.00000e+00	0.00000e+00	0.00000e+00	2.66821e+01	
forestry	Fri Nov 07 14:35:37 CET 2025	28/6/2000	28	6	2000	180	1	main	8	1.0000000000000000e+00	0.0000000000000000e+00	0.00000e+00	0.00000e+00	0.00000e+00	0.00000e+00	1.00225e+03	5.53432e+02	0.00000e+00	0.00000e+00	0.00000e+00	0.00000e+00	0.00000e+00	0.00000e+00	0.00000e+00	2.64655e+01	
forestry	Fri Nov 07 14:35:37 CET 2025	28/6/2000	28	6	2000	180	1	main	9	2.0000000000000000e+00	0.0000000000000000e+00	0.00000e+00	0.00000e+00	0.00000e+00	0.00000e+00	1.00225e+03	5.53432e+02	0.00000e+00	0.00000e+00	0.00000e+00	0.00000e+00	0.00000e+00	0.00000e+00	0.00000e+00	2.66821e+01	
forestry	Fri Nov 07 14:35:37 CET 2025	28/7/2000	28	7	2000	210	1	main	1	0.0000000000000000e+00	2.0000000000000000e+00	0.00000e+00	0.00000e+00	0.00000e+00	0.00000e+00	9.90516e+02	5.38450e+02	0.00000e+00	0.00000e+00	0.00000e+00	0.00000e+00	0.00000e+00	0.00000e+00	0.00000e+00	2.65195e+01	
forestry	Fri Nov 07 14:35:37 CET 2025	28/7/2000	28	7	2000	210	1	main	2	1.0000000000000000e+00	2.0000000000000000e+00	0.00000e+00	0.00000e+00	0.00000e+00	0.00000e+00	9.90516e+02	5.38450e+02	0.00000e+00	0.00000e+00	0.00000e+00	0.00000e+00	0.00000e+00	0.00000e+00	0.00000e+00	2.61980e+01	
forestry	Fri Nov 07 14:35:37 CET 2025	28/7/2000	28	7	2000	210	1	main	3	2.0000000000000000e+00	2.0000000000000000e+00	0.00000e+00	0.00000e+00	0.00000e+00	0.00000e+00	9.90516e+02	5.38450e+02	0.00000e+00	0.00000e+00	0.00000e+00	0.00000e+00	0.00000e+00	0.00000e+00	0.00000e+00	2.65195e+01	
forestry	Fri Nov 07 14:35:37 CET 2025	28/7/2000	28	7	2000	210	1	main	4	0.0000000000000000e+00	1.0000000000000000e+00	0.00000e+00	0.00000e+00	0.00000e+00	0.00000e+00	9.90516e+02	5.38450e+02	0.00000e+00	0.00000e+00	0.00000e+00	0.00000e+00	0.00000e+00	0.00000e+00	0.00000e+00	2.61980e+01	
forestry	Fri Nov 07 14:35:37 CET 2025	28/7/2000	28	7	2000	210	1	main	5	1.0000000000000000e+00	1.0000000000000000e+00	0.00000e+00	0.00000e+00	0.00000e+00	0.00000e+00	9.90516e+02	5.38450e+02	0.00000e+00	0.00000e+00	0.00000e+00	0.00000e+00	0.00000e+00	0.00000e+00	0.00000e+00	2.45305e+01	
forestry	Fri Nov 07 14:35:37 CET 2025	28/7/2000	28	7	2000	210	1	main	6	2.0000000000000000e+00	1.0000000000000000e+00	0.00000e+00	0.00000e+00	0.00000e+00	0.00000e+00	9.90516e+02	5.38450e+02	0.00000e+00	0.00000e+00	0.00000e+00	0.00000e+00	0.00000e+00	0.00000e+00	0.00000e+00	2.61980e+01	
forestry	Fri Nov 07 14:35:37 CET 2025	28/7/2000	28	7	2000	210	1	main	7	0.0000000000000000e+00	0.0000000000000000e+00	0.00000e+00	0.00000e+00	0.00000e+00	0.00000e+00	9.90516e+02	5.38450e+02	0.00000e+00	0.00000e+00	0.00000e+00	0.00000e+00	0.00000e+00	0.00000e+00	0.00000e+00	2.65195e+01	
forestry	Fri Nov 07 14:35:37 CET 2025	28/7/2000	28	7	2000	210	1	main	8	1.0000000000000000e+00	0.0000000000000000e+00	0.00000e+00	0.00000e+00	0.00000e+00	0.00000e+00	9.90516e+02	5.38450e+02	0.00000e+00	0.00000e+00	0.00000e+00	0.00000e+00	0.00000e+00	0.00000e+00	0.00000e+00	2.61980e+01	
forestry	Fri Nov 07 14:35:37 CET 2025	28/7/2000	28	7	2000	210	1	main	9	2.0000000000000000e+00	0.0000000000000000e+00	0.00000e+00	0.00000e+00	0.00000e+00	0.00000e+00	9.90516e+02	5.38450e+02	0.00000e+00	0.00000e+00	0.00000e+00	0.00000e+00	0.00000e+00	0.00000e+00	0.00000e+00	2.65195e+01	
forestry	Fri Nov 07 14:35:37 CET 2025	28/8/2000	28	8	2000	241	1	main	1	0.0000000000000000e+00	2.0000000000000000e+00	0.00000e+00	0.00000e+00	0.00000e+00	0.00000e+00	7.32848e+02	5.22894e+02	0.00000e+00	0.00000e+00	0.00000e+00	0.00000e+00	0.00000e+00	0.00000e+00	0.00000e+00	2.65153e+01	
forestry	Fri Nov 07 14:35:37 CET 2025	28/8/2000	28	8	2000	241	1	main	2	1.0000000000000000e+00	2.0000000000000000e+00	0.00000e+00	0.00000e+00	0.00000e+00	0.00000e+00	7.32848e+02	5.22894e+02	0.00000e+00	0.00000e+00	0.00000e+00	0.00000e+00	0.00000e+00	0.00000e+00	0.00000e+00	2.61935e+01	
forestry	Fri Nov 07 14:35:37 CET 2025	28/8/2000	28	8	2000	241	1	main	3	2.0000000000000000e+00	2.0000000000000000e+00	0.00000e+00	0.00000e+00	0.00000e+00	0.00000e+00	7.32848e+02	5.22894e+02	0.00000e+00	0.00000e+00	0.00000e+00	0.00000e+00	0.00000e+00	0.00000e+00	0.00000e+00	2.65153e+01	
forestry	Fri Nov 07 14:35:37 CET 2025	28/8/2000	28	8	2000	241	1	main	4	0.0000000000000000e+00	1.0000000000000000e+00	0.00000e+00	0.00000e+00	0.00000e+00	0.00000e+00	7.32848e+02	5.22894e+02	0.00000e+00	0.00000e+00	0.00000e+00	0.00000e+00	0.00000e+00	0.00000e+00	0.00000e+00	2.61935e+01	
forestry	Fri Nov 07 14:35:37 CET 2025	28/8/2000	28	8	2000	241	1	main	5	1.0000000000000000e+00	1.0000000000000000e+00	0.00000e+00	0.00000e+00	0.00000e+00	0.00000e+00	7.32848e+02	5.22894e+02	0.00000e+00	0.00000e+00	0.00000e+00	0.00000e+00	0.00000e+00	0.00000e+00	0.00000e+00	2.45166e+01	
forestry	Fri Nov 07 14:35:37 CET 2025	28/8/2000	28	8	2000	241	1	main	6	2.0000000000000000e+00	1.0000000000000000e+00	0.00000e+00	0.00000e+00	0.00000e+00	0.00000e+00	7.32848e+02	5.22894e+02	0.00000e+00	0.00000e+00	0.00000e+00	0.00000e+00	0.00000e+00	0.00000e+00	0.00000e+00	2.61935e+01	
forestry	Fri Nov 07 14:35:37 CET 2025	28/8/2000	28	8	2000	241	1	main	7	0.0000000000000000e+00	0.0000000000000000e+00	0.00000e+00	0.00000e+00	0.00000e+00	0.00000e+00	7.32848e+02	5.22894e+02	0.00000e+00	0.00000e+00	0.00000e+00	0.00000e+00	0.00000e+00	0.00000e+00	0.00000e+00	2.65153e+01	
forestry	Fri Nov 07 14:35:37 CET 2025	28/8/2000	28	8	2000	241	1	main	8	1.0000000000000000e+00	0.0000000000000000e+00	0.00000e+00	0.00000e+00	0.00000e+00	0.00000e+00	7.32848e+02	5.22894e+02	0.00000e+00	0.00000e+00	0.00000e+00	0.00000e+00	0.00000e+00	0.00000e+00	0.00000e+00	2.61935e+01	
forestry	Fri Nov 07 14:35:37 CET 2025	28/8/2000	28	8	2000	241	1	main	9	2.0000000000000000e+00	0.0000000000000000e+00	0.00000e+00	0.00000e+00	0.00000e+00	0.00000e+00	7.32848e+02	5.22894e+02	0.00000e+00	0.00000e+00	0.00000e+00	0.00000e+00	0.00000e+00	0.00000e+00	0.00000e+00	2.65153e+01	
forestry	Fri Nov 07 14:35:37 CET 2025	28/9/2000	28	9	2000	272	1	main	1	0.0000000000000000e+00	2.0000000000000000e+00	0.00000e+00	0.00000e+00	0.00000e+00	0.00000e+00	6.63022e+02	3.95810e+02	0.00000e+00	0.00000e+00	0.00000e+00	0.00000e+00	0.00000e+00	0.00000e+00	0.00000e+00	2.65153e+01	
forestry	Fri Nov 07 14:35:37 CET 2025	28/9/2000	28	9	2000	272	1	main	2	1.0000000000000000e+00	2.0000000000000000e+00	0.00000e+00	0.00000e+00	0.00000e+00	0.00000e+00	6.63022e+02	3.95810e+02	0.00000e+00	0.00000e+00	0.00000e+00	0.00000e+00	0.00000e+00	0.00000e+00	0.00000e+00	2.61935e+01	
forestry	Fri Nov 07 14:35:37 CET 2025	28/9/2000	28	9	2000	272	1	main	3	2.0000000000000000e+00	2.0000000000000000e+00	0.00000e+00	0.00000e+00	0.00000e+00	0.00000e+00	6.63022e+02	3.95810e+02	0.00000e+00	0.00000e+00	0.00000e+00	0.00000e+00	0.00000e+00	0.00000e+00	0.00000e+00	2.65153e+01	
forestry	Fri Nov 07 14:35:37 CET 2025	28/9/2000	28	9	2000	272	1	main	4	0.0000000000000000e+00	1.0000000000000000e+00	0.00000e+00	0.00000e+00	0.00000e+00	0.00000e+00	6.63022e+02	3.95810e+02	0.00000e+00	0.00000e+00	0.00000e+00	0.00000e+00	0.00000e+00	0.00000e+00	0.00000e+00	2.61935e+01	
forestry	Fri Nov 07 14:35:37 CET 2025	28/9/2000	28	9	2000	272	1	main	5	1.0000000000000000e+00	1.0000000000000000e+00	0.00000e+00	0.00000e+00	0.00000e+00	0.00000e+00	6.63022e+02	3.95810e+02	0.00000e+00	0.00000e+00	0.00000e+00	0.00000e+00	0.00000e+00	0.00000e+00	0.00000e+00	2.45166e+01	
forestry	Fri Nov 07 14:35:37 CET 2025	28/9/2000	28	9	2000	272	1	main	6	2.0000000000000000e+00	1.0000000000000000e+00	0.00000e+00	0.00000e+00	0.00000e+00	0.00000e+00	6.63022e+02	3.95810e+02	0.00000e+00	0.00000e+00	0.00000e+00	0.00000e+00	0.00000e+00	0.00000e+00	0.00000e+00	2.61935e+01	
forestry	Fri Nov 07 14:35:37 CET 2025	28/9/2000	28	9	2000	272	1	main	7	0.0000000000000000e+00	0.0000000000000000e+00	0.00000e+00	0.00000e+00	0.00000e+00	0.00000e+00	6.63022e+02	3.95810e+02	0.00000e+00	0.00000e+00	0.00000e+00	0.00000e+00	0.00000e+00	0.00000e+00	0.00000e+00	2.65153e+01	
forestry	Fri Nov 07 14:35:37 CET 2025	28/9/2000	28	9	2000	272	1	main	8	1.0000000000000000e+00	0.0000000000000000e+00	0.00000e+00	0.00000e+00	0.00000e+00	0.00000e+00	6.63022e+02	3.95810e+02	0.00000e+00	0.00000e+00	0.00000e+00	0.00000e+00	0.00000e+00	0.00000e+00	0.00000e+00	2.61935e+01	
forestry	Fri Nov 07 14:35:37 CET 2025	28/9/2000	28	9	2000	272	1	main	9	2.0000000000000000e+00	0.0000000000000000e+00	0.00000e+00	0.00000e+00	0.00000e+00	0.00000e+00	6.63022e+02	3.95810e+02	0.00000e+00	0.00000e+00	0.00000e+00	0.00000e+00	0.00000e+00	0.00000e+00	0.00000e+00	2.65153e+01	
forestry	Fri Nov 07 14:35:37 CET 2025	28/10/2000	28	10	2000	302	1	main	1	0.0000000000000000e+00	2.0000000000000000e+00	0.00000e+00	0.00000e+00	0.00000e+00	0.00000e+00	3.96862e+02	2.68436e+02	0.00000e+00	0.00000e+00	0.00000e+00	0.00000e+00	0.00000e+00	0.00000e+00	0.00000e+00	2.65153e+01	
forestry	Fri Nov 07 14:35:37 CET 2025	28/10/2000	28	10	2000	302	1	main	2	1.0000000000000000e+00	2.0000000000000000e+00	0.00000e+00	0.00000e+00	0.00000e+00	0.00000e+00	3.96862e+02	2.68436e+02	0.00000e+00	0.00000e+00	0.00000e+00	0.00000e+00	0.00000e+00	0.00000e+00	0.00000e+00	2.61935e+01	
forestry	Fri Nov 07 14:35:37 CET 2025	28/10/2000	28	10	2000	302	1	main	3	2.0000000000000000e+00	2.0000000000000000e+00	0.00000e+00	0.00000e+00	0.00000e+00	0.00000e+00	3.96862e+02	2.68436e+02	0.00000e+00	0.00000e+00	0.00000e+00	0.00000e+00	0.00000e+00	0.00000e+00	0.00000e+00	2.65153e+01	
forestry	Fri Nov 07 14:35:37 CET 2025	28/10/2000	28	10	2000	302	1	main	4	0.0000000000000000e+00	1.0000000000000000e+00	0.00000e+00	0.00000e+00	0.00000e+00	0.00000e+00	3.96862e+02	2.68436e+02	0.00000e+00	0.00000e+00	0.00000e+00	0.00000e+00	0.00000e+00	0.00000e+00	0.00000e+00	2.61935e+01	
forestry	Fri Nov 07 14:35:37 CET 2025	28/10/2000	28	10	2000	302	1	main	5	1.0000000000000000e+00	1.0000000000000000e+00	0.00000e+00	0.00000e+00	0.00000e+00	0.00000e+00	3.96862e+02	2.68436e+02	0.00000e+00	0.00000e+00	0.00000e+00	0.00000e+00	0.00000e+00	0.00000e+00	0.00000e+00	2.45166e+01	
forestry	Fri Nov 07 14:35:37 CET 2025	28/10/2000	28	10	2000	302	1	main	6	2.0000000000000000e+00	1.0000000000000000e+00	0.00000e+00	0.00000e+00	0.00000e+00	0.00000e+00	3.96862e+02	2.68436e+02	0.00000e+00	0.00000e+00	0.00000e+00	0.00000e+00	0.00000e+00	0.00000e+00	0.00000e+00	2.61935e+01	
forestry	Fri Nov 07 14:35:37 CET 2025	28/10/2000	28	10	2000	302	1	main	7	0.0000000000000000e+00	0.0000000000000000e+00	0.00000e+00	0.00000e+00	0.00000e+00	0.00000e+00	3.96862e+02	2.68436e+02	0.00000e+00	0.00000e+00	0.00000e+00	0.00000e+00	0.00000e+00	0.00000e+00	0.00000e+00	2.65153e+01	
forestry	Fri Nov 07 14:35:37 CET 2025	28/10/2000	28	10	2000	302	1	main	8	1.0000000000000000e+00	0.0000000000000000e+00	0.00000e+00	0.00000e+00	0.00000e+00	0.00000e+00	3.96862e+02	2.68436e+02	0.00000e+00	0.00000e+00	0.00000e+00	0.00000e+00	0.00000e+00	0.00000e+00	0.00000e+00	2.61935e+01	
forestry	Fri Nov 07 14:35:37 CET 2025	28/10/2000	28	10	2000	302	1	main	9	2.0000000000000000e+00	0.0000000000000000e+00	0.00000e+00	0.00000e+00	0.00000e+00	0.00000e+00	3.96862e+02	2.68436e+02	0.00000e+00	0.00000e+00	0.00000e+00	0.00000e+00	0.00000e+00	0.00000e+00	0.00000e+00	2.65153e+01	
forestry	Fri Nov 07 14:35:37 CET 2025	28/11/2000	28	11	2000	333	1	main	1	0.0000000000000000e+00	2.0000000000000000e+00	0.00000e+00	0.00000e+00	0.00000e+00	0.00000e+00	1.90741e+02	1.94453e+02	0.00000e+00	0.00000e+00	0.00000e+00	0.00000e+00	0.00000e+00	0.00000e+00	0.00000e+00	2.69490e+01	
forestry	Fri Nov 07 14:35:37 CET 2025	28/11/2000	28	11	2000	333	1	main	2	1.0000000000000000e+00	2.0000000000000000e+00	0.00000e+00	0.00000e+00	0.00000e+00	0.00000e+00	1.90741e+02	1.94453e+02	0.00000e+00	0.00000e+00	0.00000e+00	0.00000e+00	0.00000e+00	0.00000e+00	0.00000e+00	2.69169e+01	
forestry	Fri Nov 07 14:35:37 CET 2025	28/11/2000	28	11	2000	333	1	main	3	2.0000000000000000e+00	2.0000000000000000e+00	0.00000e+00	0.00000e+00	0.00000e+00	0.00000e+00	1.90741e+02	1.94453e+02	0.00000e+00	0.00000e+00	0.00000e+00	0.00000e+00	0.00000e+00	0.00000e+00	0.00000e+00	2.69490e+01	
forestry	Fri Nov 07 14:35:37 CET 2025	28/11/2000	28	11	2000	333	1	main	4	0.0000000000000000e+00	1.0000000000000000e+00	0.00000e+00	0.00000e+00	0.00000e+00	0.00000e+00	1.90741e+02	1.94453e+02	0.00000e+00	0.00000e+00	0.00000e+00	0.00000e+00	0.00000e+00	0.00000e+00	0.00000e+00	2.69169e+01	
forestry	Fri Nov 07 14:35:37 CET 2025	28/11/2000	28	11	2000	333	1	main	5	1.0000000000000000e+00	1.0000000000000000e+00	0.00000e+00	0.00000e+00	0.00000e+00	0.00000e+00	1.90741e+02	1.94453e+02	0.00000e+00	0.00000e+00	0.00000e+00	0.00000e+00	0.00000e+00	0.00000e+00	0.00000e+00	2.67526e+01	
forestry	Fri Nov 07 14:35:37 CET 2025	28/11/2000	28	11	2000	333	1	main	6	2.0000000000000000e+00	1.0000000000000000e+00	0.00000e+00	0.00000e+00	0.00000e+00	0.00000e+00	1.90741e+02	1.94453e+02	0.00000e+00	0.00000e+00	0.00000e+00	0.00000e+00	0.00000e+00	0.00000e+00	0.00000e+00	2.69169e+01	
forestry	Fri Nov 07 14:35:37 CET 2025	28/11/2000	28	11	2000	333	1	main	7	0.0000000000000000e+00	0.0000000000000000e+00	0.00000e+00	0.00000e+00	0.00000e+00	0.00000e+00	1.90741e+02	1.94453e+02	0.00000e+00	0.00000e+00	0.00000e+00	0.00000e+00	0.00000e+00	0.00000e+00	0.00000e+00	2.69490e+01	
forestry	Fri Nov 07 14:35:37 CET 2025	28/11/2000	28	11	2000	333	1	main	8	1.0000000000000000e+00	0.0000000000000000e+00	0.00000e+00	0.00000e+00	0.00000e+00	0.00000e+00	1.90741e+02	1.94453e+02	0.00000e+00	0.00000e+00	0.00000e+00	0.00000e+00	0.00000e+00	0.00000e+00	0.00000e+00	2.69169e+01	
forestry	Fri Nov 07 14:35:37 CET 2025	28/11/2000	28	11	2000	333	1	main	9	2.0000000000000000e+00	0.0000000000000000e+00	0.00000e+00	0.00000e+00	0.00000e+00	0.00000e+00	1.90741e+02	1.94453e+02	0.00000e+00	0.00000e+00	0.00000e+00	0.00000e+00	0.00000e+00	0.00000e+00	0.00000e+00	2.69490e+01	
forestry	Fri Nov 07 14:35:37 CET 2025	28/12/2000	28	12	2000	363	1	main	1	0.0000000000000000e+00	2.0000000000000000e+00	0.00000e+00	0.00000e+00	0.00000e+00	0.00000e+00	1.21124e+02	1.43474e+02	0.00000e+00	0.00000e+00	0.00000e+00	0.00000e+00	0.00000e+00	0.00000e+00	0.00000e+00	2.69964e+01	
forestry	Fri Nov 07 14:35:37 CET 2025	28/12/2000	28	12	2000	363	1	main	2	1.0000000000000000e+00	2.0000000000000000e+00	0.00000e+00	0.00000e+00	0.00000e+00	0.00000e+00	1.21124e+02	1.43474e+02	0.00000e+00	0.00000e+00	0.00000e+00	0.00000e+00	0.00000e+00	0.00000e+00	0.00000e+00	2.69936e+01	
forestry	Fri Nov 07 14:35:37 CET 2025	28/12/2000	28	12	2000	363	1	main	3	2.0000000000000000e+00	2.0000000000000000e+00	0.00000e+00	0.00000e+00	0.00000e+00	0.00000e+00	1.21124e+02	1.43474e+02	0.00000e+00	0.00000e+00	0.00000e+00	0.00000e+00	0.00000e+00	0.00000e+00	0.00000e+00	2.69964e+01	
forestry	Fri Nov 07 14:35:37 CET 2025	28/12/2000	28	12	2000	363	1	main	4	0.0000000000000000e+00	1.0000000000000000e+00	0.00000e+00	0.00000e+00	0.00000e+00	0.00000e+00	1.21124e+02	1.43474e+02	0.00000e+00	0.00000e+00	0.00000e+00	0.00000e+00	0.00000e+00	0.00000e+00	0.00000e+00	2.69936e+01	
forestry	Fri Nov 07 14:35:37 CET 2025	28/12/2000	28	12	2000	363	1	main	5	1.0000000000000000e+00	1.0000000000000000e+00	0.00000e+00	0.00000e+00	0.00000e+00	0.00000e+00	1.21124e+02	1.43474e+02	0.00000e+00	0.00000e+00	0.00000e+00	0.00000e+00	0.00000e+00	0.00000e+00	0.00000e+00	2.69789e+01	
forestry	Fri Nov 07 14:35:37 CET 2025	28/12/2000	28	12	2000	363	1	main	6	2.0000000000000000e+00	1.0000000000000000e+00	0.00000e+00	0.00000e+00	0.00000e+00	0.00000e+00	1.21124e+02	1.43474e+02	0.00000e+00	0.00000e+00	0.00000e+00	0.00000e+00	0.00000e+00	0.00000e+00	0.00000e+00	2.69936e+01	
forestry	Fri Nov 07 14:35:37 CET 2025	28/12/2000	28	12	2000	363	1	main	7	0.0000000000000000e+00	0.0000000000000000e+00	0.00000e+00	0.00000e+00	0.00000e+00	0.00000e+00	1.21124e+02	1.43474e+02	0.00000e+00	0.00000e+00	0.00000e+00	0.00000e+00	0.00000e+00	0.00000e+00	0.00000e+00	2.69964e+01	
forestry	Fri Nov 07 14:35:37 CET 2025	28/12/2000	28	12	2000	363	1	main	8	1.0000000000000000e+00	0.0000000000000000e+00	0.00000e+00	0.00000e+00	0.00000e+00	0.00000e+00	1.21124e+02	1.43474e+02	0.00000e+00	0.00000e+00	0.00000e+00	0.00000e+00	0.00000e+00	0.00000e+00	0.00000e+00	2.69936e+01	
forestry	Fri Nov 07 14:35:37 CET 2025	28/12/2000	28	12	2000	363	1	main	9	2.0000000000000000e+00	0.0000000000000000e+00	0.00000e+00	0.00000e+00	0.00000e+00	0.00000e+00	1.21124e+02	1.43474e+02	0.00000e+00	0.00000e+00	0.00000e+00	0.00000e+00	0.00000e+00	0.00000e+00	0.00000e+00	2.69964e+01	
forestry	Fri Nov 07 14:35:37 CET 2025	28/1/2001	28	1	2001	28	1	main	1	0.0000000000000000e+00	2.0000000000000000e+00	0.00000e+00	0.00000e+00	0.00000e+00	0.00000e+00	1.18856e+02	1.39327e+02	0.00000e+00	0.00000e+00	0.00000e+00	0.00000e+00	0.00000e+00	0.00000e+00	0.00000e+00	2.69964e+01	
forestry	Fri Nov 07 14:35:37 CET 2025	28/1/2001	28	1	2001	28	1	main	2	1.0000000000000000e+00	2.0000000000000000e+00	0.00000e+00	0.00000e+00	0.00000e+00	0.00000e+00	1.18856e+02	1.39327e+02	0.00000e+00	0.00000e+00	0.00000e+00	0.00000e+00	0.00000e+00	0.00000e+00	0.00000e+00	2.69936e+01	
forestry	Fri Nov 07 14:35:37 CET 2025	28/1/2001	28	1	2001	28	1	main	3	2.0000000000000000e+00	2.0000000000000000e+00	0.00000e+00	0.00000e+00	0.00000e+00	0.00000e+00	1.18856e+02	1.39327e+02	0.00000e+00	0.00000e+00	0.00000e+00	0.00000e+00	0.00000e+00	0.00000e+00	0.00000e+00	2.69964e+01	
forestry	Fri Nov 07 14:35:37 CET 2025	28/1/2001	28	1	2001	28	1	main	4	0.0000000000000000e+00	1.0000000000000000e+00	0.00000e+00	0.00000e+00	0.00000e+00	0.00000e+00	1.18856e+02	1.39327e+02	0.00000e+00	0.00000e+00	0.00000e+00	0.00000e+00	0.00000e+00	0.00000e+00	0.00000e+00	2.69936e+01	
forestry	Fri Nov 07 14:35:37 CET 2025	28/1/2001	28	1	2001	28	1	main	5	1.0000000000000000e+00	1.0000000000000000e+00	0.00000e+00	0.00000e+00	0.00000e+00	0.00000e+00	1.18856e+02	1.39327e+02	0.00000e+00	0.00000e+00	0.00000e+00	0.00000e+00	0.00000e+00	0.00000e+00	0.00000e+00	2.69789e+01	
forestry	Fri Nov 07 14:35:37 CET 2025	28/1/2001	28	1	2001	28	1	main	6	2.0000000000000000e+00	1.0000000000000000e+00	0.00000e+00	0.00000e+00	0.00000e+00	0.00000e+00	1.18856e+02	1.39327e+02	0.00000e+00	0.00000e+00	0.00000e+00	0.00000e+00	0.00000e+00	0.00000e+00	0.00000e+00	2.69936e+01	
forestry	Fri Nov 07 14:35:37 CET 2025	28/1/2001	28	1	2001	28	1	main	7	0.0000000000000000e+00	0.0000000000000000e+00	0.00000e+00	0.00000e+00	0.00000e+00	0.00000e+00	1.18856e+02	1.39327e+02	0.00000e+00	0.00000e+00	0.00000e+00	0.00000e+00	0.00000e+00	0.00000e+00	0.00000e+00	2.69964e+01	
forestry	Fri Nov 07 14:35:37 CET 2025	28/1/2001	28	1	2001	28	1	main	8	1.0000000000000000e+00	0.0000000000000000e+00	0.00000e+00	0.00000e+00	0.00000e+00	0.00000e+00	1.18856e+02	1.39327e+02	0.00000e+00	0.00000e+00	0.00000e+00	0.00000e+00	0.00000e+00	0.00000e+00	0.00000e+00	2.69936e+01	
forestry	Fri Nov 07 14:35:37 CET 2025	28/1/2001	28	1	2001	28	1	main	9	2.0000000000000000e+00	0.0000000000000000e+00	0.00000e+00	0.00000e+00	0.00000e+00	0.00000e+00	1.18856e+02	1.39327e+02	0.00000e+00	0.00000e+00	0.00000e+00	0.00000e+00	0.00000e+00	0.00000e+00	0.00000e+00	2.69964e+01	
forestry	Fri Nov 07 14:35:37 CET 2025	28/2/2001	28	2	2001	59	1	main	1	0.0000000000000000e+00	2.0000000000000000e+00	0.00000e+00	0.00000e+00	0.00000e+00	0.00000e+00	4.21461e+02	2.33109e+02	0.00000e+00	0.00000e+00	0.00000e+00	0.00000e+00	0.00000e+00	0.00000e+00	0.00000e+00	2.69964e+01	
forestry	Fri Nov 07 14:35:37 CET 2025	28/2/2001	28	2	2001	59	1	main	2	1.0000000000000000e+00	2.0000000000000000e+00	0.00000e+00	0.00000e+00	0.00000e+00	0.00000e+00	4.21461e+02	2.33109e+02	0.00000e+00	0.00000e+00	0.00000e+00	0.00000e+00	0.00000e+00	0.00000e+00	0.00000e+00	2.69936e+01	
forestry	Fri Nov 07 14:35:37 CET 2025	28/2/2001	28	2	2001	59	1	main	3	2.0000000000000000e+00	2.0000000000000000e+00	0.00000e+00	0.00000e+00	0.00000e+00	0.00000e+00	4.21461e+02	2.33109e+02	0.00000e+00	0.00000e+00	0.00000e+00	0.00000e+00	0.00000e+00	0.00000e+00	0.00000e+00	2.69964e+01	
forestry	Fri Nov 07 14:35:37 CET 2025	28/2/2001	28	2	2001	59	1	main	4	0.0000000000000000e+00	1.0000000000000000e+00	0.00000e+00	0.00000e+00	0.00000e+00	0.00000e+00	4.21461e+02	2.33109e+02	0.00000e+00	0.00000e+00	0.00000e+00	0.00000e+00	0.00000e+00	0.00000e+00	0.00000e+00	2.69936e+01	
forestry	Fri Nov 07 14:35:37 CET 2025	28/2/2001	28	2	2001	59	1	main	5	1.0000000000000000e+00	1.0000000000000000e+00	0.00000e+00	0.00000e+00	0.00000e+00	0.00000e+00	4.21461e+02	2.33109e+02	0.00000e+00	0.00000e+00	0.00000e+00	0.00000e+00	0.00000e+00	0.00000e+00	0.00000e+00	2.69789e+01	
forestry	Fri Nov 07 14:35:37 CET 2025	28/2/2001	28	2	2001	59	1	main	6	2.0000000000000000e+00	1.0000000000000000e+00	0.00000e+00	0.00000e+00	0.00000e+00	0.00000e+00	4.21461e+02	2.33109e+02	0.00000e+00	0.00000e+00	0.00000e+00	0.00000e+00	0.00000e+00	0.00000e+00	0.00000e+00	2.69936e+01	
forestry	Fri Nov 07 14:35:37 CET 2025	28/2/2001	28	2	2001	59	1	main	7	0.0000000000000000e+00	0.0000000000000000e+00	0.00000e+00	0.00000e+00	0.00000e+00	0.00000e+00	4.21461e+02	2.33109e+02	0.00000e+00	0.00000e+00	0.00000e+00	0.00000e+00	0.00000e+00	0.00000e+00	0.00000e+00	2.69964e+01	
forestry	Fri Nov 07 14:35:37 CET 2025	28/2/2001	28	2	2001	59	1	main	8	1.0000000000000000e+00	0.0000000000000000e+00	0.00000e+00	0.00000e+00	0.00000e+00	0.00000e+00	4.21461e+02	2.33109e+02	0.00000e+00	0.00000e+00	0.00000e+00	0.00000e+00	0.00000e+00	0.00000e+00	0.00000e+00	2.69936e+01	
forestry	Fri Nov 07 14:35:37 CET 2025	28/2/2001	28	2	2001	59	1	main	9	2.0000000000000000e+00	0.0000000000000000e+00	0.00000e+00	0.00000e+00	0.00000e+00	0.00000e+00	4.21461e+02	2.33109e+02	0.00000e+00	0.00000e+00	0.00000e+00	0.00000e+00	0.00000e+00	0.00000e+00	0.00000e+00	2.69964e+01	
forestry	Fri Nov 07 14:35:37 CET 2025	28/3/2001	28	3	2001	87	1	main	1	0.0000000000000000e+00	2.0000000000000000e+00	0.00000e+00	0.00000e+00	0.00000e+00	0.00000e+00	3.88491e+02	3.60596e+02	0.00000e+00	0.00000e+00	0.00000e+00	0.00000e+00	0.00000e+00	0.00000e+00	0.00000e+00	2.69964e+01	
forestry	Fri Nov 07 14:35:37 CET 2025	28/3/2001	28	3	2001	87	1	main	2	1.0000000000000000e+00	2.0000000000000000e+00	0.00000e+00	0.00000e+00	0.00000e+00	0.00000e+00	3.88491e+02	3.60596e+02	0.00000e+00	0.00000e+00	0.00000e+00	0.00000e+00	0.00000e+00	0.00000e+00	0.00000e+00	2.69936e+01	
forestry	Fri Nov 07 14:35:37 CET 2025	28/3/2001	28	3	2001	87	1	main	3	2.0000000000000000e+00	2.0000000000000000e+00	0.00000e+00	0.00000e+00	0.00000e+00	0.00000e+00	3.88491e+02	3.60596e+02	0.00000e+00	0.00000e+00	0.00000e+00	0.00000e+00	0.00000e+00	0.00000e+00	0.00000e+00	2.69964e+01	
forestry	Fri Nov 07 14:35:37 CET 2025	28/3/2001	28	3	2001	87	1	main	4	0.0000000000000000e+00	1.0000000000000000e+00	0.00000e+00	0.00000e+00	0.00000e+00	0.00000e+00	3.88491e+02	3.60596e+02	0.00000e+00	0.00000e+00	0.00000e+00	0.00000e+00	0.00000e+00	0.00000e+00	0.00000e+00	2.69936e+01	
forestry	Fri Nov 07 14:35:37 CET 2025	28/3/2001	28	3	2001	87	1	main	5	1.0000000000000000e+00	1.0000000000000000e+00	0.00000e+00	0.00000e+00	0.00000e+00	0.00000e+00	3.88491e+02	3.60596e+02	0.00000e+00	0.00000e+00	0.00000e+00	0.00000e+00	0.00000e+00	0.00000e+00	0.00000e+00	2.69789e+01	
forestry	Fri Nov 07 14:35:37 CET 2025	28/3/2001	28	3	2001	87	1	main	6	2.0000000000000000e+00	1.0000000000000000e+00	0.00000e+00	0.00000e+00	0.00000e+00	0.00000e+00	3.88491e+02	3.60596e+02	0.00000e+00	0.00000e+00	0.00000e+00	0.00000e+00	0.00000e+00	0.00000e+00	0.00000e+00	2.69936e+01	
forestry	Fri Nov 07 14:35:37 CET 2025	28/3/2001	28	3	2001	87	1	main	7	0.0000000000000000e+00	0.0000000000000000e+00	0.00000e+00	0.00000e+00	0.00000e+00	0.00000e+00	3.88491e+02	3.60596e+02	0.00000e+00	0.00000e+00	0.00000e+00	0.00000e+00	0.00000e+00	0.00000e+00	0.00000e+00	2.69964e+01	
forestry	Fri Nov 07 14:35:37 CET 2025	28/3/2001	28	3	2001	87	1	main	8	1.0000000000000000e+00	0.0000000000000000e+00	0.00000e+00	0.00000e+00	0.00000e+00	0.00000e+00	3.88491e+02	3.60596e+02	0.00000e+00	0.00000e+00	0.00000e+00	0.00000e+00	0.00000e+00	0.00000e+00	0.00000e+00	2.69936e+01	
forestry	Fri Nov 07 14:35:37 CET 2025	28/3/2001	28	3	2001	87	1	main	9	2.0000000000000000e+00	0.0000000000000000e+00	0.00000e+00	0.00000e+00	0.00000e+00	0.00000e+00	3.88491e+02	3.60596e+02	0.00000e+00	0.00000e+00	0.00000e+00	0.00000e+00	0.00000e+00	0.00000e+00	0.00000e+00	2.69964e+01	
forestry	Fri Nov 07 14:35:37 CET 2025	28/4/2001	28	4	2001	118	1	main	1	0.0000000000000000e+00	2.0000000000000000e+00	0.00000e+00	0.00000e+00	0.00000e+00	0.00000e+00	8.05557e+02	4.74163e+02	0.00000e+00	0.00000e+00	0.00000e+00	0.00000e+00	0.00000e+00	0.00000e+00	0.00000e+00	2.69834e+01	
forestry	Fri Nov 07 14:35:37 CET 2025	28/4/2001	28	4	2001	118	1	main	2	1.0000000000000000e+00	2.0000000000000000e+00	0.00000e+00	0.00000e+00	0.00000e+00	0.00000e+00	8.05557e+02	4.74163e+02	0.00000e+00	0.00000e+00	0.00000e+00	0.00000e+00	0.00000e+00	0.00000e+00	0.00000e+00	2.69729e+01	
forestry	Fri Nov 07 14:35:37 CET 2025	28/4/2001	28	4	2001	118	1	main	3	2.0000000000000000e+00	2.0000000000000000e+00	0.00000e+00	0.00000e+00	0.00000e+00	0.00000e+00	8.05557e+02	4.74163e+02	0.00000e+00	0.00000e+00	0.00000e+00	0.00000e+00	0.00000e+00	0.00000e+00	0.00000e+00	2.69834e+01	
forestry	Fri Nov 07 14:35:37 CET 2025	28/4/2001	28	4	2001	118	1	main	4	0.0000000000000000e+00	1.0000000000000000e+00	0.00000e+00	0.00000e+00	0.00000e+00	0.00000e+00	8.05557e+02	4.74163e+02	0.00000e+00	0.00000e+00	0.00000e+00	0.00000e+00	0.00000e+00	0.00000e+00	0.00000e+00	2.69729e+01	
forestry	Fri Nov 07 14:35:37 CET 2025	28/4/2001	28	4	2001	118	1	main	5	1.0000000000000000e+00	1.0000000000000000e+00	0.00000e+00	0.00000e+00	0.00000e+00	0.00000e+00	8.05557e+02	4.74163e+02	0.00000e+00	0.00000e+00	0.00000e+00	0.00000e+00	0.00000e+00	0.00000e+00	0.00000e+00	2.69193e+01	
forestry	Fri Nov 07 14:35:37 CET 2025	28/4/2001	28	4	2001	118	1	main	6	2.0000000000000000e+00	1.0000000000000000e+00	0.00000e+00	0.00000e+00	0.00000e+00	0.00000e+00	8.05557e+02	4.74163e+02	0.00000e+00	0.00000e+00	0.00000e+00	0.00000e+00	0.00000e+00	0.00000e+00	0.00000e+00	2.69729e+01	
forestry	Fri Nov 07 14:35:37 CET 2025	28/4/2001	28	4	2001	118	1	main	7	0.0000000000000000e+00	0.0000000000000000e+00	0.00000e+00	0.00000e+00	0.00000e+00	0.00000e+00	8.05557e+02	4.74163e+02	0.00000e+00	0.00000e+00	0.00000e+00	0.00000e+00	0.00000e+00	0.00000e+00	0.00000e+00	2.69834e+01	
forestry	Fri Nov 07 14:35:37 CET 2025	28/4/2001	28	4	2001	118	1	main	8	1.0000000000000000e+00	0.0000000000000000e+00	0.00000e+00	0.00000e+00	0.00000e+00	0.00000e+00	8.05557e+02	4.74163e+02	0.00000e+00	0.00000e+00	0.00000e+00	0.00000e+00	0.00000e+00	0.00000e+00	0.00000e+00	2.69729e+01	
forestry	Fri Nov 07 14:35:37 CET 2025	28/4/2001	28	4	2001	118	1	main	9	2.0000000000000000e+00	0.0000000000000000e+00	0.00000e+00	0.00000e+00	0.00000e+00	0.00000e+00	8.05557e+02	4.74163e+02	0.00000e+00	0.00000e+00	0.00000e+00	0.00000e+00	0.00000e+00	0.00000e+00	0.00000e+00	2.69834e+01	
forestry	Fri Nov 07 14:35:37 CET 2025	28/5/2001	28	5	2001	148	1	main	1	0.0000000000000000e+00	2.0000000000000000e+00	0.00000e+00	0.00000e+00	0.00000e+00	0.00000e+00	7.23512e+02	5.78637e+02	0.00000e+00	0.00000e+00	0.00000e+00	0.00000e+00	0.00000e+00	0.00000e+00	0.00000e+00	2.68312e+01	
forestry	Fri Nov 07 14:35:37 CET 2025	28/5/2001	28	5	2001	148	1	main	2	1.0000000000000000e+00	2.0000000000000000e+00	0.00000e+00	0.00000e+00	0.00000e+00	0.00000e+00	7.23512e+02	5.78637e+02	0.00000e+00	0.00000e+00	0.00000e+00	0.00000e+00	0.00000e+00	0.00000e+00	0.00000e+00	2.67286e+01	
forestry	Fri Nov 07 14:35:37 CET 2025	28/5/2001	28	5	2001	148	1	main	3	2.0000000000000000e+00	2.0000000000000000e+00	0.00000e+00	0.00000e+00	0.00000e+00	0.00000e+00	7.23512e+02	5.78637e+02	0.00000e+00	0.00000e+00	0.00000e+00	0.00000e+00	0.00000e+00	0.00000e+00	0.00000e+00	2.68312e+01	
forestry	Fri Nov 07 14:35:37 CET 2025	28/5/2001	28	5	2001	148	1	main	4	0.0000000000000000e+00	1.0000000000000000e+00	0.00000e+00	0.00000e+00	0.00000e+00	0.00000e+00	7.23512e+02	5.78637e+02	0.00000e+00	0.00000e+00	0.00000e+00	0.00000e+00	0.00000e+00	0.00000e+00	0.00000e+00	2.67286e+01	
forestry	Fri Nov 07 14:35:37 CET 2025	28/5/2001	28	5	2001	148	1	main	5	1.0000000000000000e+00	1.0000000000000000e+00	0.00000e+00	0.00000e+00	0.00000e+00	0.00000e+00	7.23512e+02	5.78637e+02	0.00000e+00	0.00000e+00	0.00000e+00	0.00000e+00	0.00000e+00	0.00000e+00	0.00000e+00	2.62057e+01	
forestry	Fri Nov 07 14:35:37 CET 2025	28/5/2001	28	5	2001	148	1	main	6	2.0000000000000000e+00	1.0000000000000000e+00	0.00000e+00	0.00000e+00	0.00000e+00	0.00000e+00	7.23512e+02	5.78637e+02	0.00000e+00	0.00000e+00	0.00000e+00	0.00000e+00	0.00000e+00	0.00000e+00	0.00000e+00	2.67286e+01	
forestry	Fri Nov 07 14:35:37 CET 2025	28/5/2001	28	5	2001	148	1	main	7	0.0000000000000000e+00	0.0000000000000000e+00	0.00000e+00	0.00000e+00	0.00000e+00	0.00000e+00	7.23512e+02	5.78637e+02	0.00000e+00	0.00000e+00	0.00000e+00	0.00000e+00	0.00000e+00	0.00000e+00	0.00000e+00	2.68312e+01	
forestry	Fri Nov 07 14:35:37 CET 2025	28/5/2001	28	5	2001	148	1	main	8	1.0000000000000000e+00	0.0000000000000000e+00	0.00000e+00	0.00000e+00	0.00000e+00	0.00000e+00	7.23512e+02	5.78637e+02	0.00000e+00	0.00000e+00	0.00000e+00	0.00000e+00	0.00000e+00	0.00000e+00	0.00000e+00	2.67286e+01	
forestry	Fri Nov 07 14:35:37 CET 2025	28/5/2001	28	5	2001	148	1	main	9	2.0000000000000000e+00	0.0000000000000000e+00	0.00000e+00	0.00000e+00	0.00000e+00	0.00000e+00	7.23512e+02	5.78637e+02	0.00000e+00	0.00000e+00	0.00000e+00	0.00000e+00	0.00000e+00	0.00000e+00	0.00000e+00	2.68312e+01	
forestry	Fri Nov 07 14:35:37 CET 2025	28/6/2001	28	6	2001	179	1	main	1	0.0000000000000000e+00	2.0000000000000000e+00	0.00000e+00	0.00000e+00	0.00000e+00	0.00000e+00	1.08817e+03	5.57968e+02	0.00000e+00	0.00000e+00	0.00000e+00	0.00000e+00	0.00000e+00	0.00000e+00	0.00000e+00	2.66033e+01	
forestry	Fri Nov 07 14:35:37 CET 2025	28/6/2001	28	6	2001	179	1	main	2	1.0000000000000000e+00	2.0000000000000000e+00	0.00000e+00	0.00000e+00	0.00000e+00	0.00000e+00	1.08817e+03	5.57968e+02	0.00000e+00	0.00000e+00	0.00000e+00	0.00000e+00	0.00000e+00	0.00000e+00	0.00000e+00	2.63549e+01	
forestry	Fri Nov 07 14:35:37 CET 2025	28/6/2001	28	6	2001	179	1	main	3	2.0000000000000000e+00	2.0000000000000000e+00	0.00000e+00	0.00000e+00	0.00000e+00	0.00000e+00	1.08817e+03	5.57968e+02	0.00000e+00	0.00000e+00	0.00000e+00	0.00000e+00	0.00000e+00	0.00000e+00	0.00000e+00	2.66033e+01	
forestry	Fri Nov 07 14:35:37 CET 2025	28/6/2001	28	6	2001	179	1	main	4	0.0000000000000000e+00	1.0000000000000000e+00	0.00000e+00	0.00000e+00	0.00000e+00	0.00000e+00	1.08817e+03	5.57968e+02	0.00000e+00	0.00000e+00	0.00000e+00	0.00000e+00	0.00000e+00	0.00000e+00	0.00000e+00	2.63549e+01	
forestry	Fri Nov 07 14:35:37 CET 2025	28/6/2001	28	6	2001	179	1	main	5	1.0000000000000000e+00	1.0000000000000000e+00	0.00000e+00	0.00000e+00	0.00000e+00	0.00000e+00	1.08817e+03	5.57968e+02	0.00000e+00	0.00000e+00	0.00000e+00	0.00000e+00	0.00000e+00	0.00000e+00	0.00000e+00	2.50719e+01	
forestry	Fri Nov 07 14:35:37 CET 2025	28/6/2001	28	6	2001	179	1	main	6	2.0000000000000000e+00	1.0000000000000000e+00	0.00000e+00	0.00000e+00	0.00000e+00	0.00000e+00	1.08817e+03	5.57968e+02	0.00000e+00	0.00000e+00	0.00000e+00	0.00000e+00	0.00000e+00	0.00000e+00	0.00000e+00	2.63549e+01	
forestry	Fri Nov 07 14:35:37 CET 2025	28/6/2001	28	6	2001	179	1	main	7	0.0000000000000000e+00	0.0000000000000000e+00	0.00000e+00	0.00000e+00	0.00000e+00	0.00000e+00	1.08817e+03	5.57968e+02	0.00000e+00	0.00000e+00	0.00000e+00	0.00000e+00	0.00000e+00	0.00000e+00	0.00000e+00	2.66033e+01	
forestry	Fri Nov 07 14:35:37 CET 2025	28/6/2001	28	6	2001	179	1	main	8	1.0000000000000000e+00	0.0000000000000000e+00	0.00000e+00	0.00000e+00	0.00000e+00	0.00000e+00	1.08817e+03	5.57968e+02	0.00000e+00	0.00000e+00	0.00000e+00	0.00000e+00	0.00000e+00	0.00000e+00	0.00000e+00	2.63549e+01	
forestry	Fri Nov 07 14:35:37 CET 2025	28/6/2001	28	6	2001	179	1	main	9	2.0000000000000000e+00	0.0000000000000000e+00	0.00000e+00	0.00000e+00	0.00000e+00	0.00000e+00	1.08817e+03	5.57968e+02	0.00000e+00	0.00000e+00	0.00000e+00	0.00000e+00	0.00000e+00	0.00000e+00	0.00000e+00	2.66033e+01	
forestry	Fri Nov 07 14:35:37 CET 2025	28/7/2001	28	7	2001	209	1	main	1	0.0000000000000000e+00	2.0000000000000000e+00	0.00000e+00	0.00000e+00	0.00000e+00	0.00000e+00	9.41085e+02	5.74100e+02	0.00000e+00	0.00000e+00	0.00000e+00	0.00000e+00	0.00000e+00	0.00000e+00	0.00000e+00	2.64103e+01	
forestry	Fri Nov 07 14:35:37 CET 2025	28/7/2001	28	7	2001	209	1	main	2	1.0000000000000000e+00	2.0000000000000000e+00	0.00000e+00	0.00000e+00	0.00000e+00	0.00000e+00	9.41085e+02	5.74100e+02	0.00000e+00	0.00000e+00	0.00000e+00	0.00000e+00	0.00000e+00	0.00000e+00	0.00000e+00	2.60715e+01	
forestry	Fri Nov 07 14:35:37 CET 2025	28/7/2001	28	7	2001	209	1	main	3	2.0000000000000000e+00	2.0000000000000000e+00	0.00000e+00	0.00000e+00	0.00000e+00	0.00000e+00	9.41085e+02	5.74100e+02	0.00000e+00	0.00000e+00	0.00000e+00	0.00000e+00	0.00000e+00	0.00000e+00	0.00000e+00	2.64103e+01	
forestry	Fri Nov 07 14:35:37 CET 2025	28/7/2001	28	7	2001	209	1	main	4	0.0000000000000000e+00	1.0000000000000000e+00	0.00000e+00	0.00000e+00	0.00000e+00	0.00000e+00	9.41085e+02	5.74100e+02	0.00000e+00	0.00000e+00	0.00000e+00	0.00000e+00	0.00000e+00	0.00000e+00	0.00000e+00	2.60715e+01	
forestry	Fri Nov 07 14:35:37 CET 2025	28/7/2001	28	7	2001	209	1	main	5	1.0000000000000000e+00	1.0000000000000000e+00	0.00000e+00	0.00000e+00	0.00000e+00	0.00000e+00	9.41085e+02	5.74100e+02	0.00000e+00	0.00000e+00	0.00000e+00	0.00000e+00	0.00000e+00	0.00000e+00	0.00000e+00	2.44932e+01	
forestry	Fri Nov 07 14:35:37 CET 2025	28/7/2001	28	7	2001	209	1	main	6	2.0000000000000000e+00	1.0000000000000000e+00	0.00000e+00	0.00000e+00	0.00000e+00	0.00000e+00	9.41085e+02	5.74100e+02	0.00000e+00	0.00000e+00	0.00000e+00	0.00000e+00	0.00000e+00	0.00000e+00	0.00000e+00	2.60715e+01	
forestry	Fri Nov 07 14:35:37 CET 2025	28/7/2001	28	7	2001	209	1	main	7	0.0000000000000000e+00	0.0000000000000000e+00	0.00000e+00	0.00000e+00	0.00000e+00	0.00000e+00	9.41085e+02	5.74100e+02	0.00000e+00	0.00000e+00	0.00000e+00	0.00000e+00	0.00000e+00	0.00000e+00	0.00000e+00	2.64103e+01	
forestry	Fri Nov 07 14:35:37 CET 2025	28/7/2001	28	7	2001	209	1	main	8	1.0000000000000000e+00	0.0000000000000000e+00	0.00000e+00	0.00000e+00	0.00000e+00	0.00000e+00	9.41085e+02	5.74100e+02	0.00000e+00	0.00000e+00	0.00000e+00	0.00000e+00	0.00000e+00	0.00000e+00	0.00000e+00	2.60715e+01	
forestry	Fri Nov 07 14:35:37 CET 2025	28/7/2001	28	7	2001	209	1	main	9	2.0000000000000000e+00	0.0000000000000000e+00	0.00000e+00	0.00000e+00	0.00000e+00	0.00000e+00	9.41085e+02	5.74100e+02	0.00000e+00	0.00000e+00	0.00000e+00	0.00000e+00	0.00000e+00	0.00000e+00	0.00000e+00	2.64103e+01	
forestry	Fri Nov 07 14:35:37 CET 2025	28/8/2001	28	8	2001	240	1	main	1	0.0000000000000000e+00	2.0000000000000000e+00	0.00000e+00	0.00000e+00	0.00000e+00	0.00000e+00	8.88149e+02	4.98918e+02	0.00000e+00	0.00000e+00	0.00000e+00	0.00000e+00	0.00000e+00	0.00000e+00	0.00000e+00	2.63628e+01	
forestry	Fri Nov 07 14:35:37 CET 2025	28/8/2001	28	8	2001	240	1	main	2	1.0000000000000000e+00	2.0000000000000000e+00	0.00000e+00	0.00000e+00	0.00000e+00	0.00000e+00	8.88149e+02	4.98918e+02	0.00000e+00	0.00000e+00	0.00000e+00	0.00000e+00	0.00000e+00	0.00000e+00	0.00000e+00	2.59986e+01	
forestry	Fri Nov 07 14:35:37 CET 2025	28/8/2001	28	8	2001	240	1	main	3	2.0000000000000000e+00	2.0000000000000000e+00	0.00000e+00	0.00000e+00	0.00000e+00	0.00000e+00	8.88149e+02	4.98918e+02	0.00000e+00	0.00000e+00	0.00000e+00	0.00000e+00	0.00000e+00	0.00000e+00	0.00000e+00	2.63628e+01	
forestry	Fri Nov 07 14:35:37 CET 2025	28/8/2001	28	8	2001	240	1	main	4	0.0000000000000000e+00	1.0000000000000000e+00	0.00000e+00	0.00000e+00	0.00000e+00	0.00000e+00	8.88149e+02	4.98918e+02	0.00000e+00	0.00000e+00	0.00000e+00	0.00000e+00	0.00000e+00	0.00000e+00	0.00000e+00	2.59986e+01	
forestry	Fri Nov 07 14:35:37 CET 2025	28/8/2001	28	8	2001	240	1	main	5	1.0000000000000000e+00	1.0000000000000000e+00	0.00000e+00	0.00000e+00	0.00000e+00	0.00000e+00	8.88149e+02	4.98918e+02	0.00000e+00	0.00000e+00	0.00000e+00	0.00000e+00	0.00000e+00	0.00000e+00	0.00000e+00	2.44806e+01	
forestry	Fri Nov 07 14:35:37 CET 2025	28/8/2001	28	8	2001	240	1	main	6	2.0000000000000000e+00	1.0000000000000000e+00	0.00000e+00	0.00000e+00	0.00000e+00	0.00000e+00	8.88149e+02	4.98918e+02	0.00000e+00	0.00000e+00	0.00000e+00	0.00000e+00	0.00000e+00	0.00000e+00	0.00000e+00	2.59986e+01	
forestry	Fri Nov 07 14:35:37 CET 2025	28/8/2001	28	8	2001	240	1	main	7	0.0000000000000000e+00	0.0000000000000000e+00	0.00000e+00	0.00000e+00	0.00000e+00	0.00000e+00	8.88149e+02	4.98918e+02	0.00000e+00	0.00000e+00	0.00000e+00	0.00000e+00	0.00000e+00	0.00000e+00	0.00000e+00	2.63628e+01	
forestry	Fri Nov 07 14:35:37 CET 2025	28/8/2001	28	8	2001	240	1	main	8	1.0000000000000000e+00	0.0000000000000000e+00	0.00000e+00	0.00000e+00	0.00000e+00	0.00000e+00	8.88149e+02	4.98918e+02	0.00000e+00	0.00000e+00	0.00000e+00	0.00000e+00	0.00000e+00	0.00000e+00	0.00000e+00	2.59986e+01	
forestry	Fri Nov 07 14:35:37 CET 2025	28/8/2001	28	8	2001	240	1	main	9	2.0000000000000000e+00	0.0000000000000000e+00	0.00000e+00	0.00000e+00	0.00000e+00	0.00000e+00	8.88149e+02	4.98918e+02	0.00000e+00	0.00000e+00	0.00000e+00	0.00000e+00	0.00000e+00	0.00000e+00	0.00000e+00	2.63628e+01	
forestry	Fri Nov 07 14:35:37 CET 2025	28/9/2001	28	9	2001	271	1	main	1	0.0000000000000000e+00	2.0000000000000000e+00	0.00000e+00	0.00000e+00	0.00000e+00	0.00000e+00	7.14018e+02	3.85359e+02	0.00000e+00	0.00000e+00	0.00000e+00	0.00000e+00	0.00000e+00	0.00000e+00	0.00000e+00	2.63628e+01	
forestry	Fri Nov 07 14:35:37 CET 2025	28/9/2001	28	9	2001	271	1	main	2	1.0000000000000000e+00	2.0000000000000000e+00	0.00000e+00	0.00000e+00	0.00000e+00	0.00000e+00	7.14018e+02	3.85359e+02	0.00000e+00	0.00000e+00	0.00000e+00	0.00000e+00	0.00000e+00	0.00000e+00	0.00000e+00	2.59986e+01	
forestry	Fri Nov 07 14:35:37 CET 2025	28/9/2001	28	9	2001	271	1	main	3	2.0000000000000000e+00	2.0000000000000000e+00	0.00000e+00	0.00000e+00	0.00000e+00	0.00000e+00	7.14018e+02	3.85359e+02	0.00000e+00	0.00000e+00	0.00000e+00	0.00000e+00	0.00000e+00	0.00000e+00	0.00000e+00	2.63628e+01	
forestry	Fri Nov 07 14:35:37 CET 2025	28/9/2001	28	9	2001	271	1	main	4	0.0000000000000000e+00	1.0000000000000000e+00	0.00000e+00	0.00000e+00	0.00000e+00	0.00000e+00	7.14018e+02	3.85359e+02	0.00000e+00	0.00000e+00	0.00000e+00	0.00000e+00	0.00000e+00	0.00000e+00	0.00000e+00	2.59986e+01	
forestry	Fri Nov 07 14:35:37 CET 2025	28/9/2001	28	9	2001	271	1	main	5	1.0000000000000000e+00	1.0000000000000000e+00	0.00000e+00	0.00000e+00	0.00000e+00	0.00000e+00	7.14018e+02	3.85359e+02	0.00000e+00	0.00000e+00	0.00000e+00	0.00000e+00	0.00000e+00	0.00000e+00	0.00000e+00	2.44806e+01	
forestry	Fri Nov 07 14:35:37 CET 2025	28/9/2001	28	9	2001	271	1	main	6	2.0000000000000000e+00	1.0000000000000000e+00	0.00000e+00	0.00000e+00	0.00000e+00	0.00000e+00	7.14018e+02	3.85359e+02	0.00000e+00	0.00000e+00	0.00000e+00	0.00000e+00	0.00000e+00	0.00000e+00	0.00000e+00	2.59986e+01	
forestry	Fri Nov 07 14:35:37 CET 2025	28/9/2001	28	9	2001	271	1	main	7	0.0000000000000000e+00	0.0000000000000000e+00	0.00000e+00	0.00000e+00	0.00000e+00	0.00000e+00	7.14018e+02	3.85359e+02	0.00000e+00	0.00000e+00	0.00000e+00	0.00000e+00	0.00000e+00	0.00000e+00	0.00000e+00	2.63628e+01	
forestry	Fri Nov 07 14:35:37 CET 2025	28/9/2001	28	9	2001	271	1	main	8	1.0000000000000000e+00	0.0000000000000000e+00	0.00000e+00	0.00000e+00	0.00000e+00	0.00000e+00	7.14018e+02	3.85359e+02	0.00000e+00	0.00000e+00	0.00000e+00	0.00000e+00	0.00000e+00	0.00000e+00	0.00000e+00	2.59986e+01	
forestry	Fri Nov 07 14:35:37 CET 2025	28/9/2001	28	9	2001	271	1	main	9	2.0000000000000000e+00	0.0000000000000000e+00	0.00000e+00	0.00000e+00	0.00000e+00	0.00000e+00	7.14018e+02	3.85359e+02	0.00000e+00	0.00000e+00	0.00000e+00	0.00000e+00	0.00000e+00	0.00000e+00	0.00000e+00	2.63628e+01	
forestry	Fri Nov 07 14:35:37 CET 2025	28/10/2001	28	10	2001	301	1	main	1	0.0000000000000000e+00	2.0000000000000000e+00	0.00000e+00	0.00000e+00	0.00000e+00	0.00000e+00	3.12259e+02	2.81260e+02	0.00000e+00	0.00000e+00	0.00000e+00	0.00000e+00	0.00000e+00	0.00000e+00	0.00000e+00	2.63838e+01	
forestry	Fri Nov 07 14:35:37 CET 2025	28/10/2001	28	10	2001	301	1	main	2	1.0000000000000000e+00	2.0000000000000000e+00	0.00000e+00	0.00000e+00	0.00000e+00	0.00000e+00	3.12259e+02	2.81260e+02	0.00000e+00	0.00000e+00	0.00000e+00	0.00000e+00	0.00000e+00	0.00000e+00	0.00000e+00	2.60388e+01	
forestry	Fri Nov 07 14:35:37 CET 2025	28/10/2001	28	10	2001	301	1	main	3	2.0000000000000000e+00	2.0000000000000000e+00	0.00000e+00	0.00000e+00	0.00000e+00	0.00000e+00	3.12259e+02	2.81260e+02	0.00000e+00	0.00000e+00	0.00000e+00	0.00000e+00	0.00000e+00	0.00000e+00	0.00000e+00	2.63838e+01	
forestry	Fri Nov 07 14:35:37 CET 2025	28/10/2001	28	10	2001	301	1	main	4	0.0000000000000000e+00	1.0000000000000000e+00	0.00000e+00	0.00000e+00	0.00000e+00	0.00000e+00	3.12259e+02	2.81260e+02	0.00000e+00	0.00000e+00	0.00000e+00	0.00000e+00	0.00000e+00	0.00000e+00	0.00000e+00	2.60388e+01	
forestry	Fri Nov 07 14:35:37 CET 2025	28/10/2001	28	10	2001	301	1	main	5	1.0000000000000000e+00	1.0000000000000000e+00	0.00000e+00	0.00000e+00	0.00000e+00	0.00000e+00	3.12259e+02	2.81260e+02	0.00000e+00	0.00000e+00	0.00000e+00	0.00000e+00	0.00000e+00	0.00000e+00	0.00000e+00	2.45909e+01	
forestry	Fri Nov 07 14:35:37 CET 2025	28/10/2001	28	10	2001	301	1	main	6	2.0000000000000000e+00	1.0000000000000000e+00	0.00000e+00	0.00000e+00	0.00000e+00	0.00000e+00	3.12259e+02	2.81260e+02	0.00000e+00	0.00000e+00	0.00000e+00	0.00000e+00	0.00000e+00	0.00000e+00	0.00000e+00	2.60388e+01	
forestry	Fri Nov 07 14:35:37 CET 2025	28/10/2001	28	10	2001	301	1	main	7	0.0000000000000000e+00	0.0000000000000000e+00	0.00000e+00	0.00000e+00	0.00000e+00	0.00000e+00	3.12259e+02	2.81260e+02	0.00000e+00	0.00000e+00	0.00000e+00	0.00000e+00	0.00000e+00	0.00000e+00	0.00000e+00	2.63838e+01	
forestry	Fri Nov 07 14:35:37 CET 2025	28/10/2001	28	10	2001	301	1	main	8	1.0000000000000000e+00	0.0000000000000000e+00	0.00000e+00	0.00000e+00	0.00000e+00	0.00000e+00	3.12259e+02	2.81260e+02	0.00000e+00	0.00000e+00	0.00000e+00	0.00000e+00	0.00000e+00	0.00000e+00	0.00000e+00	2.60388e+01	
forestry	Fri Nov 07 14:35:37 CET 2025	28/10/2001	28	10	2001	301	1	main	9	2.0000000000000000e+00	0.0000000000000000e+00	0.00000e+00	0.00000e+00	0.00000e+00	0.00000e+00	3.12259e+02	2.81260e+02	0.00000e+00	0.00000e+00	0.00000e+00	0.00000e+00	0.00000e+00	0.00000e+00	0.00000e+00	2.63838e+01	
forestry	Fri Nov 07 14:35:37 CET 2025	28/11/2001	28	11	2001	332	1	main	1	0.0000000000000000e+00	2.0000000000000000e+00	0.00000e+00	0.00000e+00	0.00000e+00	0.00000e+00	2.96108e+02	1.91125e+02	0.00000e+00	0.00000e+00	0.00000e+00	0.00000e+00	0.00000e+00	0.00000e+00	0.00000e+00	2.69929e+01	
forestry	Fri Nov 07 14:35:37 CET 2025	28/11/2001	28	11	2001	332	1	main	2	1.0000000000000000e+00	2.0000000000000000e+00	0.00000e+00	0.00000e+00	0.00000e+00	0.00000e+00	2.96108e+02	1.91125e+02	0.00000e+00	0.00000e+00	0.00000e+00	0.00000e+00	0.00000e+00	0.00000e+00	0.00000e+00	2.69888e+01	
forestry	Fri Nov 07 14:35:37 CET 2025	28/11/2001	28	11	2001	332	1	main	3	2.0000000000000000e+00	2.0000000000000000e+00	0.00000e+00	0.00000e+00	0.00000e+00	0.00000e+00	2.96108e+02	1.91125e+02	0.00000e+00	0.00000e+00	0.00000e+00	0.00000e+00	0.00000e+00	0.00000e+00	0.00000e+00	2.69929e+01	
forestry	Fri Nov 07 14:35:37 CET 2025	28/11/2001	28	11	2001	332	1	main	4	0.0000000000000000e+00	1.0000000000000000e+00	0.00000e+00	0.00000e+00	0.00000e+00	0.00000e+00	2.96108e+02	1.91125e+02	0.00000e+00	0.00000e+00	0.00000e+00	0.00000e+00	0.00000e+00	0.00000e+00	0.00000e+00	2.69888e+01	
forestry	Fri Nov 07 14:35:37 CET 2025	28/11/2001	28	11	2001	332	1	main	5	1.0000000000000000e+00	1.0000000000000000e+00	0.00000e+00	0.00000e+00	0.00000e+00	0.00000e+00	2.96108e+02	1.91125e+02	0.00000e+00	0.00000e+00	0.00000e+00	0.00000e+00	0.00000e+00	0.00000e+00	0.00000e+00	2.69697e+01	
forestry	Fri Nov 07 14:35:37 CET 2025	28/11/2001	28	11	2001	332	1	main	6	2.0000000000000000e+00	1.0000000000000000e+00	0.00000e+00	0.00000e+00	0.00000e+00	0.00000e+00	2.96108e+02	1.91125e+02	0.00000e+00	0.00000e+00	0.00000e+00	0.00000e+00	0.00000e+00	0.00000e+00	0.00000e+00	2.69888e+01	
forestry	Fri Nov 07 14:35:37 CET 2025	28/11/2001	28	11	2001	332	1	main	7	0.0000000000000000e+00	0.0000000000000000e+00	0.00000e+00	0.00000e+00	0.00000e+00	0.00000e+00	2.96108e+02	1.91125e+02	0.00000e+00	0.00000e+00	0.00000e+00	0.00000e+00	0.00000e+00	0.00000e+00	0.00000e+00	2.69929e+01	
forestry	Fri Nov 07 14:35:37 CET 2025	28/11/2001	28	11	2001	332	1	main	8	1.0000000000000000e+00	0.0000000000000000e+00	0.00000e+00	0.00000e+00	0.00000e+00	0.00000e+00	2.96108e+02	1.91125e+02	0.00000e+00	0.00000e+00	0.00000e+00	0.00000e+00	0.00000e+00	0.00000e+00	0.00000e+00	2.69888e+01	
forestry	Fri Nov 07 14:35:37 CET 2025	28/11/2001	28	11	2001	332	1	main	9	2.0000000000000000e+00	0.0000000000000000e+00	0.00000e+00	0.00000e+00	0.00000e+00	0.00000e+00	2.96108e+02	1.91125e+02	0.00000e+00	0.00000e+00	0.00000e+00	0.00000e+00	0.00000e+00	0.00000e+00	0.00000e+00	2.69929e+01	
forestry	Fri Nov 07 14:35:37 CET 2025	28/12/2001	28	12	2001	362	1	main	1	0.0000000000000000e+00	2.0000000000000000e+00	0.00000e+00	0.00000e+00	0.00000e+00	0.00000e+00	2.64970e+02	1.44158e+02	0.00000e+00	0.00000e+00	0.00000e+00	0.00000e+00	0.00000e+00	0.00000e+00	0.00000e+00	2.69944e+01	
forestry	Fri Nov 07 14:35:37 CET 2025	28/12/2001	28	12	2001	362	1	main	2	1.0000000000000000e+00	2.0000000000000000e+00	0.00000e+00	0.00000e+00	0.00000e+00	0.00000e+00	2.64970e+02	1.44158e+02	0.00000e+00	0.00000e+00	0.00000e+00	0.00000e+00	0.00000e+00	0.00000e+00	0.00000e+00	2.69911e+01	
forestry	Fri Nov 07 14:35:37 CET 2025	28/12/2001	28	12	2001	362	1	main	3	2.0000000000000000e+00	2.0000000000000000e+00	0.00000e+00	0.00000e+00	0.00000e+00	0.00000e+00	2.64970e+02	1.44158e+02	0.00000e+00	0.00000e+00	0.00000e+00	0.00000e+00	0.00000e+00	0.00000e+00	0.00000e+00	2.69944e+01	
forestry	Fri Nov 07 14:35:37 CET 2025	28/12/2001	28	12	2001	362	1	main	4	0.0000000000000000e+00	1.0000000000000000e+00	0.00000e+00	0.00000e+00	0.00000e+00	0.00000e+00	2.64970e+02	1.44158e+02	0.00000e+00	0.00000e+00	0.00000e+00	0.00000e+00	0.00000e+00	0.00000e+00	0.00000e+00	2.69911e+01	
forestry	Fri Nov 07 14:35:37 CET 2025	28/12/2001	28	12	2001	362	1	main	5	1.0000000000000000e+00	1.0000000000000000e+00	0.00000e+00	0.00000e+00	0.00000e+00	0.00000e+00	2.64970e+02	1.44158e+02	0.00000e+00	0.00000e+00	0.00000e+00	0.00000e+00	0.00000e+00	0.00000e+00	0.00000e+00	2.69755e+01	
forestry	Fri Nov 07 14:35:37 CET 2025	28/12/2001	28	12	2001	362	1	main	6	2.0000000000000000e+00	1.0000000000000000e+00	0.00000e+00	0.00000e+00	0.00000e+00	0.00000e+00	2.64970e+02	1.44158e+02	0.00000e+00	0.00000e+00	0.00000e+00	0.00000e+00	0.00000e+00	0.00000e+00	0.00000e+00	2.69911e+01	
forestry	Fri Nov 07 14:35:37 CET 2025	28/12/2001	28	12	2001	362	1	main	7	0.0000000000000000e+00	0.0000000000000000e+00	0.00000e+00	0.00000e+00	0.00000e+00	0.00000e+00	2.64970e+02	1.44158e+02	0.00000e+00	0.00000e+00	0.00000e+00	0.00000e+00	0.00000e+00	0.00000e+00	0.00000e+00	2.69944e+01	
forestry	Fri Nov 07 14:35:37 CET 2025	28/12/2001	28	12	2001	362	1	main	8	1.0000000000000000e+00	0.0000000000000000e+00	0.00000e+00	0.00000e+00	0.00000e+00	0.00000e+00	2.64970e+02	1.44158e+02	0.00000e+00	0.00000e+00	0.00000e+00	0.00000e+00	0.00000e+00	0.00000e+00	0.00000e+00	2.69911e+01	
forestry	Fri Nov 07 14:35:37 CET 2025	28/12/2001	28	12	2001	362	1	main	9	2.0000000000000000e+00	0.0000000000000000e+00	0.00000e+00	0.00000e+00	0.00000e+00	0.00000e+00	2.64970e+02	1.44158e+02	0.00000e+00	0.00000e+00	0.00000e+00	0.00000e+00	0.00000e+00	0.00000e+00	0.00000e+00	2.69944e+01	
forestry	Fri Nov 07 14:35:37 CET 2025	28/1/2002	28	1	2002	28	1	main	1	0.0000000000000000e+00	2.0000000000000000e+00	0.00000e+00	0.00000e+00	0.00000e+00	0.00000e+00	2.25506e+02	1.68470e+02	0.00000e+00	0.00000e+00	0.00000e+00	0.00000e+00	0.00000e+00	0.00000e+00	0.00000e+00	2.69944e+01	
forestry	Fri Nov 07 14:35:37 CET 2025	28/1/2002	28	1	2002	28	1	main	2	1.0000000000000000e+00	2.0000000000000000e+00	0.00000e+00	0.00000e+00	0.00000e+00	0.00000e+00	2.25506e+02	1.68470e+02	0.00000e+00	0.00000e+00	0.00000e+00	0.00000e+00	0.00000e+00	0.00000e+00	0.00000e+00	2.69911e+01	
forestry	Fri Nov 07 14:35:37 CET 2025	28/1/2002	28	1	2002	28	1	main	3	2.0000000000000000e+00	2.0000000000000000e+00	0.00000e+00	0.00000e+00	0.00000e+00	0.00000e+00	2.25506e+02	1.68470e+02	0.00000e+00	0.00000e+00	0.00000e+00	0.00000e+00	0.00000e+00	0.00000e+00	0.00000e+00	2.69944e+01	
forestry	Fri Nov 07 14:35:37 CET 2025	28/1/2002	28	1	2002	28	1	main	4	0.0000000000000000e+00	1.0000000000000000e+00	0.00000e+00	0.00000e+00	0.00000e+00	0.00000e+00	2.25506e+02	1.68470e+02	0.00000e+00	0.00000e+00	0.00000e+00	0.00000e+00	0.00000e+00	0.00000e+00	0.00000e+00	2.69911e+01	
forestry	Fri Nov 07 14:35:37 CET 2025	28/1/2002	28	1	2002	28	1	main	5	1.0000000000000000e+00	1.0000000000000000e+00	0.00000e+00	0.00000e+00	0.00000e+00	0.00000e+00	2.25506e+02	1.68470e+02	0.00000e+00	0.00000e+00	0.00000e+00	0.00000e+00	0.00000e+00	0.00000e+00	0.00000e+00	2.69755e+01	
forestry	Fri Nov 07 14:35:37 CET 2025	28/1/2002	28	1	2002	28	1	main	6	2.0000000000000000e+00	1.0000000000000000e+00	0.00000e+00	0.00000e+00	0.00000e+00	0.00000e+00	2.25506e+02	1.68470e+02	0.00000e+00	0.00000e+00	0.00000e+00	0.00000e+00	0.00000e+00	0.00000e+00	0.00000e+00	2.69911e+01	
forestry	Fri Nov 07 14:35:37 CET 2025	28/1/2002	28	1	2002	28	1	main	7	0.0000000000000000e+00	0.0000000000000000e+00	0.00000e+00	0.00000e+00	0.00000e+00	0.00000e+00	2.25506e+02	1.68470e+02	0.00000e+00	0.00000e+00	0.00000e+00	0.00000e+00	0.00000e+00	0.00000e+00	0.00000e+00	2.69944e+01	
forestry	Fri Nov 07 14:35:37 CET 2025	28/1/2002	28	1	2002	28	1	main	8	1.0000000000000000e+00	0.0000000000000000e+00	0.00000e+00	0.00000e+00	0.00000e+00	0.00000e+00	2.25506e+02	1.68470e+02	0.00000e+00	0.00000e+00	0.00000e+00	0.00000e+00	0.00000e+00	0.00000e+00	0.00000e+00	2.69911e+01	
forestry	Fri Nov 07 14:35:37 CET 2025	28/1/2002	28	1	2002	28	1	main	9	2.0000000000000000e+00	0.0000000000000000e+00	0.00000e+00	0.00000e+00	0.00000e+00	0.00000e+00	2.25506e+02	1.68470e+02	0.00000e+00	0.00000e+00	0.00000e+00	0.00000e+00	0.00000e+00	0.00000e+00	0.00000e+00	2.69944e+01	
forestry	Fri Nov 07 14:35:37 CET 2025	28/2/2002	28	2	2002	59	1	main	1	0.0000000000000000e+00	2.0000000000000000e+00	0.00000e+00	0.00000e+00	0.00000e+00	0.00000e+00	3.30257e+02	2.25658e+02	0.00000e+00	0.00000e+00	0.00000e+00	0.00000e+00	0.00000e+00	0.00000e+00	0.00000e+00	2.69944e+01	
forestry	Fri Nov 07 14:35:37 CET 2025	28/2/2002	28	2	2002	59	1	main	2	1.0000000000000000e+00	2.0000000000000000e+00	0.00000e+00	0.00000e+00	0.00000e+00	0.00000e+00	3.30257e+02	2.25658e+02	0.00000e+00	0.00000e+00	0.00000e+00	0.00000e+00	0.00000e+00	0.00000e+00	0.00000e+00	2.69911e+01	
forestry	Fri Nov 07 14:35:37 CET 2025	28/2/2002	28	2	2002	59	1	main	3	2.0000000000000000e+00	2.0000000000000000e+00	0.00000e+00	0.00000e+00	0.00000e+00	0.00000e+00	3.30257e+02	2.25658e+02	0.00000e+00	0.00000e+00	0.00000e+00	0.00000e+00	0.00000e+00	0.00000e+00	0.00000e+00	2.69944e+01	
forestry	Fri Nov 07 14:35:37 CET 2025	28/2/2002	28	2	2002	59	1	main	4	0.0000000000000000e+00	1.0000000000000000e+00	0.00000e+00	0.00000e+00	0.00000e+00	0.00000e+00	3.30257e+02	2.25658e+02	0.00000e+00	0.00000e+00	0.00000e+00	0.00000e+00	0.00000e+00	0.00000e+00	0.00000e+00	2.69911e+01	
forestry	Fri Nov 07 14:35:37 CET 2025	28/2/2002	28	2	2002	59	1	main	5	1.0000000000000000e+00	1.0000000000000000e+00	0.00000e+00	0.00000e+00	0.00000e+00	0.00000e+00	3.30257e+02	2.25658e+02	0.00000e+00	0.00000e+00	0.00000e+00	0.00000e+00	0.00000e+00	0.00000e+00	0.00000e+00	2.69755e+01	
forestry	Fri Nov 07 14:35:37 CET 2025	28/2/2002	28	2	2002	59	1	main	6	2.0000000000000000e+00	1.0000000000000000e+00	0.00000e+00	0.00000e+00	0.00000e+00	0.00000e+00	3.30257e+02	2.25658e+02	0.00000e+00	0.00000e+00	0.00000e+00	0.00000e+00	0.00000e+00	0.00000e+00	0.00000e+00	2.69911e+01	
forestry	Fri Nov 07 14:35:37 CET 2025	28/2/2002	28	2	2002	59	1	main	7	0.0000000000000000e+00	0.0000000000000000e+00	0.00000e+00	0.00000e+00	0.00000e+00	0.00000e+00	3.30257e+02	2.25658e+02	0.00000e+00	0.00000e+00	0.00000e+00	0.00000e+00	0.00000e+00	0.00000e+00	0.00000e+00	2.69944e+01	
forestry	Fri Nov 07 14:35:37 CET 2025	28/2/2002	28	2	2002	59	1	main	8	1.0000000000000000e+00	0.0000000000000000e+00	0.00000e+00	0.00000e+00	0.00000e+00	0.00000e+00	3.30257e+02	2.25658e+02	0.00000e+00	0.00000e+00	0.00000e+00	0.00000e+00	0.00000e+00	0.00000e+00	0.00000e+00	2.69911e+01	
forestry	Fri Nov 07 14:35:37 CET 2025	28/2/2002	28	2	2002	59	1	main	9	2.0000000000000000e+00	0.0000000000000000e+00	0.00000e+00	0.00000e+00	0.00000e+00	0.00000e+00	3.30257e+02	2.25658e+02	0.00000e+00	0.00000e+00	0.00000e+00	0.00000e+00	0.00000e+00	0.00000e+00	0.00000e+00	2.69944e+01	
forestry	Fri Nov 07 14:35:37 CET 2025	28/3/2002	28	3	2002	87	1	main	1	0.0000000000000000e+00	2.0000000000000000e+00	0.00000e+00	0.00000e+00	0.00000e+00	0.00000e+00	5.67911e+02	3.19248e+02	0.00000e+00	0.00000e+00	0.00000e+00	0.00000e+00	0.00000e+00	0.00000e+00	0.00000e+00	2.69944e+01	
forestry	Fri Nov 07 14:35:37 CET 2025	28/3/2002	28	3	2002	87	1	main	2	1.0000000000000000e+00	2.0000000000000000e+00	0.00000e+00	0.00000e+00	0.00000e+00	0.00000e+00	5.67911e+02	3.19248e+02	0.00000e+00	0.00000e+00	0.00000e+00	0.00000e+00	0.00000e+00	0.00000e+00	0.00000e+00	2.69911e+01	
forestry	Fri Nov 07 14:35:37 CET 2025	28/3/2002	28	3	2002	87	1	main	3	2.0000000000000000e+00	2.0000000000000000e+00	0.00000e+00	0.00000e+00	0.00000e+00	0.00000e+00	5.67911e+02	3.19248e+02	0.00000e+00	0.00000e+00	0.00000e+00	0.00000e+00	0.00000e+00	0.00000e+00	0.00000e+00	2.69944e+01	
forestry	Fri Nov 07 14:35:37 CET 2025	28/3/2002	28	3	2002	87	1	main	4	0.0000000000000000e+00	1.0000000000000000e+00	0.00000e+00	0.00000e+00	0.00000e+00	0.00000e+00	5.67911e+02	3.19248e+02	0.00000e+00	0.00000e+00	0.00000e+00	0.00000e+00	0.00000e+00	0.00000e+00	0.00000e+00	2.69911e+01	
forestry	Fri Nov 07 14:35:37 CET 2025	28/3/2002	28	3	2002	87	1	main	5	1.0000000000000000e+00	1.0000000000000000e+00	0.00000e+00	0.00000e+00	0.00000e+00	0.00000e+00	5.67911e+02	3.19248e+02	0.00000e+00	0.00000e+00	0.00000e+00	0.00000e+00	0.00000e+00	0.00000e+00	0.00000e+00	2.69755e+01	
forestry	Fri Nov 07 14:35:37 CET 2025	28/3/2002	28	3	2002	87	1	main	6	2.0000000000000000e+00	1.0000000000000000e+00	0.00000e+00	0.00000e+00	0.00000e+00	0.00000e+00	5.67911e+02	3.19248e+02	0.00000e+00	0.00000e+00	0.00000e+00	0.00000e+00	0.00000e+00	0.00000e+00	0.00000e+00	2.69911e+01	
forestry	Fri Nov 07 14:35:37 CET 2025	28/3/2002	28	3	2002	87	1	main	7	0.0000000000000000e+00	0.0000000000000000e+00	0.00000e+00	0.00000e+00	0.00000e+00	0.00000e+00	5.67911e+02	3.19248e+02	0.00000e+00	0.00000e+00	0.00000e+00	0.00000e+00	0.00000e+00	0.00000e+00	0.00000e+00	2.69944e+01	
forestry	Fri Nov 07 14:35:37 CET 2025	28/3/2002	28	3	2002	87	1	main	8	1.0000000000000000e+00	0.0000000000000000e+00	0.00000e+00	0.00000e+00	0.00000e+00	0.00000e+00	5.67911e+02	3.19248e+02	0.00000e+00	0.00000e+00	0.00000e+00	0.00000e+00	0.00000e+00	0.00000e+00	0.00000e+00	2.69911e+01	
forestry	Fri Nov 07 14:35:37 CET 2025	28/3/2002	28	3	2002	87	1	main	9	2.0000000000000000e+00	0.0000000000000000e+00	0.00000e+00	0.00000e+00	0.00000e+00	0.00000e+00	5.67911e+02	3.19248e+02	0.00000e+00	0.00000e+00	0.00000e+00	0.00000e+00	0.00000e+00	0.00000e+00	0.00000e+00	2.69944e+01	
forestry	Fri Nov 07 14:35:37 CET 2025	28/4/2002	28	4	2002	118	1	main	1	0.0000000000000000e+00	2.0000000000000000e+00	0.00000e+00	0.00000e+00	0.00000e+00	0.00000e+00	5.80173e+02	4.72598e+02	0.00000e+00	0.00000e+00	0.00000e+00	0.00000e+00	0.00000e+00	0.00000e+00	0.00000e+00	2.69761e+01	
forestry	Fri Nov 07 14:35:37 CET 2025	28/4/2002	28	4	2002	118	1	main	2	1.0000000000000000e+00	2.0000000000000000e+00	0.00000e+00	0.00000e+00	0.00000e+00	0.00000e+00	5.80173e+02	4.72598e+02	0.00000e+00	0.00000e+00	0.00000e+00	0.00000e+00	0.00000e+00	0.00000e+00	0.00000e+00	2.69644e+01	
forestry	Fri Nov 07 14:35:37 CET 2025	28/4/2002	28	4	2002	118	1	main	3	2.0000000000000000e+00	2.0000000000000000e+00	0.00000e+00	0.00000e+00	0.00000e+00	0.00000e+00	5.80173e+02	4.72598e+02	0.00000e+00	0.00000e+00	0.00000e+00	0.00000e+00	0.00000e+00	0.00000e+00	0.00000e+00	2.69761e+01	
forestry	Fri Nov 07 14:35:37 CET 2025	28/4/2002	28	4	2002	118	1	main	4	0.0000000000000000e+00	1.0000000000000000e+00	0.00000e+00	0.00000e+00	0.00000e+00	0.00000e+00	5.80173e+02	4.72598e+02	0.00000e+00	0.00000e+00	0.00000e+00	0.00000e+00	0.00000e+00	0.00000e+00	0.00000e+00	2.69644e+01	
forestry	Fri Nov 07 14:35:37 CET 2025	28/4/2002	28	4	2002	118	1	main	5	1.0000000000000000e+00	1.0000000000000000e+00	0.00000e+00	0.00000e+00	0.00000e+00	0.00000e+00	5.80173e+02	4.72598e+02	0.00000e+00	0.00000e+00	0.00000e+00	0.00000e+00	0.00000e+00	0.00000e+00	0.00000e+00	2.69090e+01	
forestry	Fri Nov 07 14:35:37 CET 2025	28/4/2002	28	4	2002	118	1	main	6	2.0000000000000000e+00	1.0000000000000000e+00	0.00000e+00	0.00000e+00	0.00000e+00	0.00000e+00	5.80173e+02	4.72598e+02	0.00000e+00	0.00000e+00	0.00000e+00	0.00000e+00	0.00000e+00	0.00000e+00	0.00000e+00	2.69644e+01	
forestry	Fri Nov 07 14:35:37 CET 2025	28/4/2002	28	4	2002	118	1	main	7	0.0000000000000000e+00	0.0000000000000000e+00	0.00000e+00	0.00000e+00	0.00000e+00	0.00000e+00	5.80173e+02	4.72598e+02	0.00000e+00	0.00000e+00	0.00000e+00	0.00000e+00	0.00000e+00	0.00000e+00	0.00000e+00	2.69761e+01	
forestry	Fri Nov 07 14:35:37 CET 2025	28/4/2002	28	4	2002	118	1	main	8	1.0000000000000000e+00	0.0000000000000000e+00	0.00000e+00	0.00000e+00	0.00000e+00	0.00000e+00	5.80173e+02	4.72598e+02	0.00000e+00	0.00000e+00	0.00000e+00	0.00000e+00	0.00000e+00	0.00000e+00	0.00000e+00	2.69644e+01	
forestry	Fri Nov 07 14:35:37 CET 2025	28/4/2002	28	4	2002	118	1	main	9	2.0000000000000000e+00	0.0000000000000000e+00	0.00000e+00	0.00000e+00	0.00000e+00	0.00000e+00	5.80173e+02	4.72598e+02	0.00000e+00	0.00000e+00	0.00000e+00	0.00000e+00	0.00000e+00	0.00000e+00	0.00000e+00	2.69761e+01	
forestry	Fri Nov 07 14:35:37 CET 2025	28/5/2002	28	5	2002	148	1	main	1	0.0000000000000000e+00	2.0000000000000000e+00	0.00000e+00	0.00000e+00	0.00000e+00	0.00000e+00	7.20905e+02	5.38973e+02	0.00000e+00	0.00000e+00	0.00000e+00	0.00000e+00	0.00000e+00	0.00000e+00	0.00000e+00	2.66005e+01	
forestry	Fri Nov 07 14:35:37 CET 2025	28/5/2002	28	5	2002	148	1	main	2	1.0000000000000000e+00	2.0000000000000000e+00	0.00000e+00	0.00000e+00	0.00000e+00	0.00000e+00	7.20905e+02	5.38973e+02	0.00000e+00	0.00000e+00	0.00000e+00	0.00000e+00	0.00000e+00	0.00000e+00	0.00000e+00	2.64141e+01	
forestry	Fri Nov 07 14:35:37 CET 2025	28/5/2002	28	5	2002	148	1	main	3	2.0000000000000000e+00	2.0000000000000000e+00	0.00000e+00	0.00000e+00	0.00000e+00	0.00000e+00	7.20905e+02	5.38973e+02	0.00000e+00	0.00000e+00	0.00000e+00	0.00000e+00	0.00000e+00	0.00000e+00	0.00000e+00	2.66005e+01	
forestry	Fri Nov 07 14:35:37 CET 2025	28/5/2002	28	5	2002	148	1	main	4	0.0000000000000000e+00	1.0000000000000000e+00	0.00000e+00	0.00000e+00	0.00000e+00	0.00000e+00	7.20905e+02	5.38973e+02	0.00000e+00	0.00000e+00	0.00000e+00	0.00000e+00	0.00000e+00	0.00000e+00	0.00000e+00	2.64141e+01	
forestry	Fri Nov 07 14:35:37 CET 2025	28/5/2002	28	5	2002	148	1	main	5	1.0000000000000000e+00	1.0000000000000000e+00	0.00000e+00	0.00000e+00	0.00000e+00	0.00000e+00	7.20905e+02	5.38973e+02	0.00000e+00	0.00000e+00	0.00000e+00	0.00000e+00	0.00000e+00	0.00000e+00	0.00000e+00	2.55293e+01	
forestry	Fri Nov 07 14:35:37 CET 2025	28/5/2002	28	5	2002	148	1	main	6	2.0000000000000000e+00	1.0000000000000000e+00	0.00000e+00	0.00000e+00	0.00000e+00	0.00000e+00	7.20905e+02	5.38973e+02	0.00000e+00	0.00000e+00	0.00000e+00	0.00000e+00	0.00000e+00	0.00000e+00	0.00000e+00	2.64141e+01	
forestry	Fri Nov 07 14:35:37 CET 2025	28/5/2002	28	5	2002	148	1	main	7	0.0000000000000000e+00	0.0000000000000000e+00	0.00000e+00	0.00000e+00	0.00000e+00	0.00000e+00	7.20905e+02	5.38973e+02	0.00000e+00	0.00000e+00	0.00000e+00	0.00000e+00	0.00000e+00	0.00000e+00	0.00000e+00	2.66005e+01	
forestry	Fri Nov 07 14:35:37 CET 2025	28/5/2002	28	5	2002	148	1	main	8	1.0000000000000000e+00	0.0000000000000000e+00	0.00000e+00	0.00000e+00	0.00000e+00	0.00000e+00	7.20905e+02	5.38973e+02	0.00000e+00	0.00000e+00	0.00000e+00	0.00000e+00	0.00000e+00	0.00000e+00	0.00000e+00	2.64141e+01	
forestry	Fri Nov 07 14:35:37 CET 2025	28/5/2002	28	5	2002	148	1	main	9	2.0000000000000000e+00	0.0000000000000000e+00	0.00000e+00	0.00000e+00	0.00000e+00	0.00000e+00	7.20905e+02	5.38973e+02	0.00000e+00	0.00000e+00	0.00000e+00	0.00000e+00	0.00000e+00	0.00000e+00	0.00000e+00	2.66005e+01	
forestry	Fri Nov 07 14:35:37 CET 2025	28/6/2002	28	6	2002	179	1	main	1	0.0000000000000000e+00	2.0000000000000000e+00	0.00000e+00	0.00000e+00	0.00000e+00	0.00000e+00	1.03881e+03	5.58859e+02	0.00000e+00	0.00000e+00	0.00000e+00	0.00000e+00	0.00000e+00	0.00000e+00	0.00000e+00	2.62593e+01	
forestry	Fri Nov 07 14:35:37 CET 2025	28/6/2002	28	6	2002	179	1	main	2	1.0000000000000000e+00	2.0000000000000000e+00	0.00000e+00	0.00000e+00	0.00000e+00	0.00000e+00	1.03881e+03	5.58859e+02	0.00000e+00	0.00000e+00	0.00000e+00	0.00000e+00	0.00000e+00	0.00000e+00	0.00000e+00	2.59280e+01	
forestry	Fri Nov 07 14:35:37 CET 2025	28/6/2002	28	6	2002	179	1	main	3	2.0000000000000000e+00	2.0000000000000000e+00	0.00000e+00	0.00000e+00	0.00000e+00	0.00000e+00	1.03881e+03	5.58859e+02	0.00000e+00	0.00000e+00	0.00000e+00	0.00000e+00	0.00000e+00	0.00000e+00	0.00000e+00	2.62593e+01	
forestry	Fri Nov 07 14:35:37 CET 2025	28/6/2002	28	6	2002	179	1	main	4	0.0000000000000000e+00	1.0000000000000000e+00	0.00000e+00	0.00000e+00	0.00000e+00	0.00000e+00	1.03881e+03	5.58859e+02	0.00000e+00	0.00000e+00	0.00000e+00	0.00000e+00	0.00000e+00	0.00000e+00	0.00000e+00	2.59280e+01	
forestry	Fri Nov 07 14:35:37 CET 2025	28/6/2002	28	6	2002	179	1	main	5	1.0000000000000000e+00	1.0000000000000000e+00	0.00000e+00	0.00000e+00	0.00000e+00	0.00000e+00	1.03881e+03	5.58859e+02	0.00000e+00	0.00000e+00	0.00000e+00	0.00000e+00	0.00000e+00	0.00000e+00	0.00000e+00	2.43449e+01	
forestry	Fri Nov 07 14:35:37 CET 2025	28/6/2002	28	6	2002	179	1	main	6	2.0000000000000000e+00	1.0000000000000000e+00	0.00000e+00	0.00000e+00	0.00000e+00	0.00000e+00	1.03881e+03	5.58859e+02	0.00000e+00	0.00000e+00	0.00000e+00	0.00000e+00	0.00000e+00	0.00000e+00	0.00000e+00	2.59280e+01	
forestry	Fri Nov 07 14:35:37 CET 2025	28/6/2002	28	6	2002	179	1	main	7	0.0000000000000000e+00	0.0000000000000000e+00	0.00000e+00	0.00000e+00	0.00000e+00	0.00000e+00	1.03881e+03	5.58859e+02	0.00000e+00	0.00000e+00	0.00000e+00	0.00000e+00	0.00000e+00	0.00000e+00	0.00000e+00	2.62593e+01	
forestry	Fri Nov 07 14:35:37 CET 2025	28/6/2002	28	6	2002	179	1	main	8	1.0000000000000000e+00	0.0000000000000000e+00	0.00000e+00	0.00000e+00	0.00000e+00	0.00000e+00	1.03881e+03	5.58859e+02	0.00000e+00	0.00000e+00	0.00000e+00	0.00000e+00	0.00000e+00	0.00000e+00	0.00000e+00	2.59280e+01	
forestry	Fri Nov 07 14:35:37 CET 2025	28/6/2002	28	6	2002	179	1	main	9	2.0000000000000000e+00	0.0000000000000000e+00	0.00000e+00	0.00000e+00	0.00000e+00	0.00000e+00	1.03881e+03	5.58859e+02	0.00000e+00	0.00000e+00	0.00000e+00	0.00000e+00	0.00000e+00	0.00000e+00	0.00000e+00	2.62593e+01	
forestry	Fri Nov 07 14:35:37 CET 2025	28/7/2002	28	7	2002	209	1	main	1	0.0000000000000000e+00	2.0000000000000000e+00	0.00000e+00	0.00000e+00	0.00000e+00	0.00000e+00	9.79813e+02	5.51940e+02	0.00000e+00	0.00000e+00	0.00000e+00	0.00000e+00	0.00000e+00	0.00000e+00	0.00000e+00	2.57708e+01	
forestry	Fri Nov 07 14:35:37 CET 2025	28/7/2002	28	7	2002	209	1	main	2	1.0000000000000000e+00	2.0000000000000000e+00	0.00000e+00	0.00000e+00	0.00000e+00	0.00000e+00	9.79813e+02	5.51940e+02	0.00000e+00	0.00000e+00	0.00000e+00	0.00000e+00	0.00000e+00	0.00000e+00	0.00000e+00	2.54133e+01	
forestry	Fri Nov 07 14:35:37 CET 2025	28/7/2002	28	7	2002	209	1	main	3	2.0000000000000000e+00	2.0000000000000000e+00	0.00000e+00	0.00000e+00	0.00000e+00	0.00000e+00	9.79813e+02	5.51940e+02	0.00000e+00	0.00000e+00	0.00000e+00	0.00000e+00	0.00000e+00	0.00000e+00	0.00000e+00	2.57708e+01	
forestry	Fri Nov 07 14:35:37 CET 2025	28/7/2002	28	7	2002	209	1	main	4	0.0000000000000000e+00	1.0000000000000000e+00	0.00000e+00	0.00000e+00	0.00000e+00	0.00000e+00	9.79813e+02	5.51940e+02	0.00000e+00	0.00000e+00	0.00000e+00	0.00000e+00	0.00000e+00	0.00000e+00	0.00000e+00	2.54133e+01	
forestry	Fri Nov 07 14:35:37 CET 2025	28/7/2002	28	7	2002	209	1	main	5	1.0000000000000000e+00	1.0000000000000000e+00	0.00000e+00	0.00000e+00	0.00000e+00	0.00000e+00	9.79813e+02	5.51940e+02	0.00000e+00	0.00000e+00	0.00000e+00	0.00000e+00	0.00000e+00	0.00000e+00	0.00000e+00	2.40117e+01	
forestry	Fri Nov 07 14:35:37 CET 2025	28/7/2002	28	7	2002	209	1	main	6	2.0000000000000000e+00	1.0000000000000000e+00	0.00000e+00	0.00000e+00	0.00000e+00	0.00000e+00	9.79813e+02	5.51940e+02	0.00000e+00	0.00000e+00	0.00000e+00	0.00000e+00	0.00000e+00	0.00000e+00	0.00000e+00	2.54133e+01	
forestry	Fri Nov 07 14:35:37 CET 2025	28/7/2002	28	7	2002	209	1	main	7	0.0000000000000000e+00	0.0000000000000000e+00	0.00000e+00	0.00000e+00	0.00000e+00	0.00000e+00	9.79813e+02	5.51940e+02	0.00000e+00	0.00000e+00	0.00000e+00	0.00000e+00	0.00000e+00	0.00000e+00	0.00000e+00	2.57708e+01	
forestry	Fri Nov 07 14:35:37 CET 2025	28/7/2002	28	7	2002	209	1	main	8	1.0000000000000000e+00	0.0000000000000000e+00	0.00000e+00	0.00000e+00	0.00000e+00	0.00000e+00	9.79813e+02	5.51940e+02	0.00000e+00	0.00000e+00	0.00000e+00	0.00000e+00	0.00000e+00	0.00000e+00	0.00000e+00	2.54133e+01	
forestry	Fri Nov 07 14:35:37 CET 2025	28/7/2002	28	7	2002	209	1	main	9	2.0000000000000000e+00	0.0000000000000000e+00	0.00000e+00	0.00000e+00	0.00000e+00	0.00000e+00	9.79813e+02	5.51940e+02	0.00000e+00	0.00000e+00	0.00000e+00	0.00000e+00	0.00000e+00	0.00000e+00	0.00000e+00	2.57708e+01	
forestry	Fri Nov 07 14:35:37 CET 2025	28/8/2002	28	8	2002	240	1	main	1	0.0000000000000000e+00	2.0000000000000000e+00	0.00000e+00	0.00000e+00	0.00000e+00	0.00000e+00	8.07728e+02	5.16387e+02	0.00000e+00	0.00000e+00	0.00000e+00	0.00000e+00	0.00000e+00	0.00000e+00	0.00000e+00	2.56009e+01	
forestry	Fri Nov 07 14:35:37 CET 2025	28/8/2002	28	8	2002	240	1	main	2	1.0000000000000000e+00	2.0000000000000000e+00	0.00000e+00	0.00000e+00	0.00000e+00	0.00000e+00	8.07728e+02	5.16387e+02	0.00000e+00	0.00000e+00	0.00000e+00	0.00000e+00	0.00000e+00	0.00000e+00	0.00000e+00	2.51996e+01	
forestry	Fri Nov 07 14:35:37 CET 2025	28/8/2002	28	8	2002	240	1	main	3	2.0000000000000000e+00	2.0000000000000000e+00	0.00000e+00	0.00000e+00	0.00000e+00	0.00000e+00	8.07728e+02	5.16387e+02	0.00000e+00	0.00000e+00	0.00000e+00	0.00000e+00	0.00000e+00	0.00000e+00	0.00000e+00	2.56009e+01	
forestry	Fri Nov 07 14:35:37 CET 2025	28/8/2002	28	8	2002	240	1	main	4	0.0000000000000000e+00	1.0000000000000000e+00	0.00000e+00	0.00000e+00	0.00000e+00	0.00000e+00	8.07728e+02	5.16387e+02	0.00000e+00	0.00000e+00	0.00000e+00	0.00000e+00	0.00000e+00	0.00000e+00	0.00000e+00	2.51996e+01	
forestry	Fri Nov 07 14:35:37 CET 2025	28/8/2002	28	8	2002	240	1	main	5	1.0000000000000000e+00	1.0000000000000000e+00	0.00000e+00	0.00000e+00	0.00000e+00	0.00000e+00	8.07728e+02	5.16387e+02	0.00000e+00	0.00000e+00	0.00000e+00	0.00000e+00	0.00000e+00	0.00000e+00	0.00000e+00	2.39303e+01	
forestry	Fri Nov 07 14:35:37 CET 2025	28/8/2002	28	8	2002	240	1	main	6	2.0000000000000000e+00	1.0000000000000000e+00	0.00000e+00	0.00000e+00	0.00000e+00	0.00000e+00	8.07728e+02	5.16387e+02	0.00000e+00	0.00000e+00	0.00000e+00	0.00000e+00	0.00000e+00	0.00000e+00	0.00000e+00	2.51996e+01	
forestry	Fri Nov 07 14:35:37 CET 2025	28/8/2002	28	8	2002	240	1	main	7	0.0000000000000000e+00	0.0000000000000000e+00	0.00000e+00	0.00000e+00	0.00000e+00	0.00000e+00	8.07728e+02	5.16387e+02	0.00000e+00	0.00000e+00	0.00000e+00	0.00000e+00	0.00000e+00	0.00000e+00	0.00000e+00	2.56009e+01	
forestry	Fri Nov 07 14:35:37 CET 2025	28/8/2002	28	8	2002	240	1	main	8	1.0000000000000000e+00	0.0000000000000000e+00	0.00000e+00	0.00000e+00	0.00000e+00	0.00000e+00	8.07728e+02	5.16387e+02	0.00000e+00	0.00000e+00	0.00000e+00	0.00000e+00	0.00000e+00	0.00000e+00	0.00000e+00	2.51996e+01	
forestry	Fri Nov 07 14:35:37 CET 2025	28/8/2002	28	8	2002	240	1	main	9	2.0000000000000000e+00	0.0000000000000000e+00	0.00000e+00	0.00000e+00	0.00000e+00	0.00000e+00	8.07728e+02	5.16387e+02	0.00000e+00	0.00000e+00	0.00000e+00	0.00000e+00	0.00000e+00	0.00000e+00	0.00000e+00	2.56009e+01	
forestry	Fri Nov 07 14:35:37 CET 2025	28/9/2002	28	9	2002	271	1	main	1	0.0000000000000000e+00	2.0000000000000000e+00	0.00000e+00	0.00000e+00	0.00000e+00	0.00000e+00	6.03560e+02	3.94442e+02	0.00000e+00	0.00000e+00	0.00000e+00	0.00000e+00	0.00000e+00	0.00000e+00	0.00000e+00	2.56009e+01	
forestry	Fri Nov 07 14:35:37 CET 2025	28/9/2002	28	9	2002	271	1	main	2	1.0000000000000000e+00	2.0000000000000000e+00	0.00000e+00	0.00000e+00	0.00000e+00	0.00000e+00	6.03560e+02	3.94442e+02	0.00000e+00	0.00000e+00	0.00000e+00	0.00000e+00	0.00000e+00	0.00000e+00	0.00000e+00	2.51996e+01	
forestry	Fri Nov 07 14:35:37 CET 2025	28/9/2002	28	9	2002	271	1	main	3	2.0000000000000000e+00	2.0000000000000000e+00	0.00000e+00	0.00000e+00	0.00000e+00	0.00000e+00	6.03560e+02	3.94442e+02	0.00000e+00	0.00000e+00	0.00000e+00	0.00000e+00	0.00000e+00	0.00000e+00	0.00000e+00	2.56009e+01	
forestry	Fri Nov 07 14:35:37 CET 2025	28/9/2002	28	9	2002	271	1	main	4	0.0000000000000000e+00	1.0000000000000000e+00	0.00000e+00	0.00000e+00	0.00000e+00	0.00000e+00	6.03560e+02	3.94442e+02	0.00000e+00	0.00000e+00	0.00000e+00	0.00000e+00	0.00000e+00	0.00000e+00	0.00000e+00	2.51996e+01	
forestry	Fri Nov 07 14:35:37 CET 2025	28/9/2002	28	9	2002	271	1	main	5	1.0000000000000000e+00	1.0000000000000000e+00	0.00000e+00	0.00000e+00	0.00000e+00	0.00000e+00	6.03560e+02	3.94442e+02	0.00000e+00	0.00000e+00	0.00000e+00	0.00000e+00	0.00000e+00	0.00000e+00	0.00000e+00	2.39303e+01	
forestry	Fri Nov 07 14:35:37 CET 2025	28/9/2002	28	9	2002	271	1	main	6	2.0000000000000000e+00	1.0000000000000000e+00	0.00000e+00	0.00000e+00	0.00000e+00	0.00000e+00	6.03560e+02	3.94442e+02	0.00000e+00	0.00000e+00	0.00000e+00	0.00000e+00	0.00000e+00	0.00000e+00	0.00000e+00	2.51996e+01	
forestry	Fri Nov 07 14:35:37 CET 2025	28/9/2002	28	9	2002	271	1	main	7	0.0000000000000000e+00	0.0000000000000000e+00	0.00000e+00	0.00000e+00	0.00000e+00	0.00000e+00	6.03560e+02	3.94442e+02	0.00000e+00	0.00000e+00	0.00000e+00	0.00000e+00	0.00000e+00	0.00000e+00	0.00000e+00	2.56009e+01	
forestry	Fri Nov 07 14:35:37 CET 2025	28/9/2002	28	9	2002	271	1	main	8	1.0000000000000000e+00	0.0000000000000000e+00	0.00000e+00	0.00000e+00	0.00000e+00	0.00000e+00	6.03560e+02	3.94442e+02	0.00000e+00	0.00000e+00	0.00000e+00	0.00000e+00	0.00000e+00	0.00000e+00	0.00000e+00	2.51996e+01	
forestry	Fri Nov 07 14:35:37 CET 2025	28/9/2002	28	9	2002	271	1	main	9	2.0000000000000000e+00	0.0000000000000000e+00	0.00000e+00	0.00000e+00	0.00000e+00	0.00000e+00	6.03560e+02	3.94442e+02	0.00000e+00	0.00000e+00	0.00000e+00	0.00000e+00	0.00000e+00	0.00000e+00	0.00000e+00	2.56009e+01	
forestry	Fri Nov 07 14:35:37 CET 2025	28/10/2002	28	10	2002	301	1	main	1	0.0000000000000000e+00	2.0000000000000000e+00	0.00000e+00	0.00000e+00	0.00000e+00	0.00000e+00	4.08438e+02	2.76015e+02	0.00000e+00	0.00000e+00	0.00000e+00	0.00000e+00	0.00000e+00	0.00000e+00	0.00000e+00	2.56012e+01	
forestry	Fri Nov 07 14:35:37 CET 2025	28/10/2002	28	10	2002	301	1	main	2	1.0000000000000000e+00	2.0000000000000000e+00	0.00000e+00	0.00000e+00	0.00000e+00	0.00000e+00	4.08438e+02	2.76015e+02	0.00000e+00	0.00000e+00	0.00000e+00	0.00000e+00	0.00000e+00	0.00000e+00	0.00000e+00	2.51995e+01	
forestry	Fri Nov 07 14:35:37 CET 2025	28/10/2002	28	10	2002	301	1	main	3	2.0000000000000000e+00	2.0000000000000000e+00	0.00000e+00	0.00000e+00	0.00000e+00	0.00000e+00	4.08438e+02	2.76015e+02	0.00000e+00	0.00000e+00	0.00000e+00	0.00000e+00	0.00000e+00	0.00000e+00	0.00000e+00	2.56012e+01	
forestry	Fri Nov 07 14:35:37 CET 2025	28/10/2002	28	10	2002	301	1	main	4	0.0000000000000000e+00	1.0000000000000000e+00	0.00000e+00	0.00000e+00	0.00000e+00	0.00000e+00	4.08438e+02	2.76015e+02	0.00000e+00	0.00000e+00	0.00000e+00	0.00000e+00	0.00000e+00	0.00000e+00	0.00000e+00	2.50883e+01	
forestry	Fri Nov 07 14:35:37 CET 2025	28/10/2002	28	10	2002	301	1	main	5	1.0000000000000000e+00	1.0000000000000000e+00	0.00000e+00	0.00000e+00	0.00000e+00	0.00000e+00	4.08438e+02	2.76015e+02	0.00000e+00	0.00000e+00	0.00000e+00	0.00000e+00	0.00000e+00	0.00000e+00	0.00000e+00	2.35417e+01	
forestry	Fri Nov 07 14:35:37 CET 2025	28/10/2002	28	10	2002	301	1	main	6	2.0000000000000000e+00	1.0000000000000000e+00	0.00000e+00	0.00000e+00	0.00000e+00	0.00000e+00	4.08438e+02	2.76015e+02	0.00000e+00	0.00000e+00	0.00000e+00	0.00000e+00	0.00000e+00	0.00000e+00	0.00000e+00	2.50883e+01	
forestry	Fri Nov 07 14:35:37 CET 2025	28/10/2002	28	10	2002	301	1	main	7	0.0000000000000000e+00	0.0000000000000000e+00	0.00000e+00	0.00000e+00	0.00000e+00	0.00000e+00	4.08438e+02	2.76015e+02	0.00000e+00	0.00000e+00	0.00000e+00	0.00000e+00	0.00000e+00	0.00000e+00	0.00000e+00	2.55692e+01	
forestry	Fri Nov 07 14:35:37 CET 2025	28/10/2002	28	10	2002	301	1	main	8	1.0000000000000000e+00	0.0000000000000000e+00	0.00000e+00	0.00000e+00	0.00000e+00	0.00000e+00	4.08438e+02	2.76015e+02	0.00000e+00	0.00000e+00	0.00000e+00	0.00000e+00	0.00000e+00	0.00000e+00	0.00000e+00	2.51634e+01	
forestry	Fri Nov 07 14:35:37 CET 2025	28/10/2002	28	10	2002	301	1	main	9	2.0000000000000000e+00	0.0000000000000000e+00	0.00000e+00	0.00000e+00	0.00000e+00	0.00000e+00	4.08438e+02	2.76015e+02	0.00000e+00	0.00000e+00	0.00000e+00	0.00000e+00	0.00000e+00	0.00000e+00	0.00000e+00	2.55692e+01	
forestry	Fri Nov 07 14:35:37 CET 2025	28/11/2002	28	11	2002	332	1	main	1	0.0000000000000000e+00	2.0000000000000000e+00	0.00000e+00	0.00000e+00	0.00000e+00	0.00000e+00	2.66368e+02	1.86778e+02	0.00000e+00	0.00000e+00	0.00000e+00	0.00000e+00	0.00000e+00	0.00000e+00	0.00000e+00	2.69596e+01	
forestry	Fri Nov 07 14:35:37 CET 2025	28/11/2002	28	11	2002	332	1	main	2	1.0000000000000000e+00	2.0000000000000000e+00	0.00000e+00	0.00000e+00	0.00000e+00	0.00000e+00	2.66368e+02	1.86778e+02	0.00000e+00	0.00000e+00	0.00000e+00	0.00000e+00	0.00000e+00	0.00000e+00	0.00000e+00	2.69470e+01	
forestry	Fri Nov 07 14:35:37 CET 2025	28/11/2002	28	11	2002	332	1	main	3	2.0000000000000000e+00	2.0000000000000000e+00	0.00000e+00	0.00000e+00	0.00000e+00	0.00000e+00	2.66368e+02	1.86778e+02	0.00000e+00	0.00000e+00	0.00000e+00	0.00000e+00	0.00000e+00	0.00000e+00	0.00000e+00	2.69596e+01	
forestry	Fri Nov 07 14:35:37 CET 2025	28/11/2002	28	11	2002	332	1	main	4	0.0000000000000000e+00	1.0000000000000000e+00	0.00000e+00	0.00000e+00	0.00000e+00	0.00000e+00	2.66368e+02	1.86778e+02	0.00000e+00	0.00000e+00	0.00000e+00	0.00000e+00	0.00000e+00	0.00000e+00	0.00000e+00	2.56963e+01	
forestry	Fri Nov 07 14:35:37 CET 2025	28/11/2002	28	11	2002	332	1	main	5	1.0000000000000000e+00	1.0000000000000000e+00	0.00000e+00	0.00000e+00	0.00000e+00	0.00000e+00	2.66368e+02	1.86778e+02	0.00000e+00	0.00000e+00	0.00000e+00	0.00000e+00	0.00000e+00	0.00000e+00	0.00000e+00	2.32494e+01	
forestry	Fri Nov 07 14:35:37 CET 2025	28/11/2002	28	11	2002	332	1	main	6	2.0000000000000000e+00	1.0000000000000000e+00	0.00000e+00	0.00000e+00	0.00000e+00	0.00000e+00	2.66368e+02	1.86778e+02	0.00000e+00	0.00000e+00	0.00000e+00	0.00000e+00	0.00000e+00	0.00000e+00	0.00000e+00	2.56963e+01	
forestry	Fri Nov 07 14:35:37 CET 2025	28/11/2002	28	11	2002	332	1	main	7	0.0000000000000000e+00	0.0000000000000000e+00	0.00000e+00	0.00000e+00	0.00000e+00	0.00000e+00	2.66368e+02	1.86778e+02	0.00000e+00	0.00000e+00	0.00000e+00	0.00000e+00	0.00000e+00	0.00000e+00	0.00000e+00	2.64988e+01	
forestry	Fri Nov 07 14:35:37 CET 2025	28/11/2002	28	11	2002	332	1	main	8	1.0000000000000000e+00	0.0000000000000000e+00	0.00000e+00	0.00000e+00	0.00000e+00	0.00000e+00	2.66368e+02	1.86778e+02	0.00000e+00	0.00000e+00	0.00000e+00	0.00000e+00	0.00000e+00	0.00000e+00	0.00000e+00	2.64676e+01	
forestry	Fri Nov 07 14:35:37 CET 2025	28/11/2002	28	11	2002	332	1	main	9	2.0000000000000000e+00	0.0000000000000000e+00	0.00000e+00	0.00000e+00	0.00000e+00	0.00000e+00	2.66368e+02	1.86778e+02	0.00000e+00	0.00000e+00	0.00000e+00	0.00000e+00	0.00000e+00	0.00000e+00	0.00000e+00	2.64988e+01	
forestry	Fri Nov 07 14:35:37 CET 2025	28/12/2002	28	12	2002	362	1	main	1	0.0000000000000000e+00	2.0000000000000000e+00	0.00000e+00	0.00000e+00	0.00000e+00	0.00000e+00	1.57323e+02	1.40985e+02	0.00000e+00	0.00000e+00	0.00000e+00	0.00000e+00	0.00000e+00	0.00000e+00	0.00000e+00	2.69828e+01	
forestry	Fri Nov 07 14:35:37 CET 2025	28/12/2002	28	12	2002	362	1	main	2	1.0000000000000000e+00	2.0000000000000000e+00	0.00000e+00	0.00000e+00	0.00000e+00	0.00000e+00	1.57323e+02	1.40985e+02	0.00000e+00	0.00000e+00	0.00000e+00	0.00000e+00	0.00000e+00	0.00000e+00	0.00000e+00	2.69772e+01	
forestry	Fri Nov 07 14:35:37 CET 2025	28/12/2002	28	12	2002	362	1	main	3	2.0000000000000000e+00	2.0000000000000000e+00	0.00000e+00	0.00000e+00	0.00000e+00	0.00000e+00	1.57323e+02	1.40985e+02	0.00000e+00	0.00000e+00	0.00000e+00	0.00000e+00	0.00000e+00	0.00000e+00	0.00000e+00	2.69828e+01	
forestry	Fri Nov 07 14:35:37 CET 2025	28/12/2002	28	12	2002	362	1	main	4	0.0000000000000000e+00	1.0000000000000000e+00	0.00000e+00	0.00000e+00	0.00000e+00	0.00000e+00	1.57323e+02	1.40985e+02	0.00000e+00	0.00000e+00	0.00000e+00	0.00000e+00	0.00000e+00	0.00000e+00	0.00000e+00	2.57174e+01	
forestry	Fri Nov 07 14:35:37 CET 2025	28/12/2002	28	12	2002	362	1	main	5	1.0000000000000000e+00	1.0000000000000000e+00	0.00000e+00	0.00000e+00	0.00000e+00	0.00000e+00	1.57323e+02	1.40985e+02	0.00000e+00	0.00000e+00	0.00000e+00	0.00000e+00	0.00000e+00	0.00000e+00	0.00000e+00	2.32873e+01	
forestry	Fri Nov 07 14:35:37 CET 2025	28/12/2002	28	12	2002	362	1	main	6	2.0000000000000000e+00	1.0000000000000000e+00	0.00000e+00	0.00000e+00	0.00000e+00	0.00000e+00	1.57323e+02	1.40985e+02	0.00000e+00	0.00000e+00	0.00000e+00	0.00000e+00	0.00000e+00	0.00000e+00	0.00000e+00	2.57174e+01	
forestry	Fri Nov 07 14:35:37 CET 2025	28/12/2002	28	12	2002	362	1	main	7	0.0000000000000000e+00	0.0000000000000000e+00	0.00000e+00	0.00000e+00	0.00000e+00	0.00000e+00	1.57323e+02	1.40985e+02	0.00000e+00	0.00000e+00	0.00000e+00	0.00000e+00	0.00000e+00	0.00000e+00	0.00000e+00	2.65174e+01	
forestry	Fri Nov 07 14:35:37 CET 2025	28/12/2002	28	12	2002	362	1	main	8	1.0000000000000000e+00	0.0000000000000000e+00	0.00000e+00	0.00000e+00	0.00000e+00	0.00000e+00	1.57323e+02	1.40985e+02	0.00000e+00	0.00000e+00	0.00000e+00	0.00000e+00	0.00000e+00	0.00000e+00	0.00000e+00	2.64932e+01	
forestry	Fri Nov 07 14:35:37 CET 2025	28/12/2002	28	12	2002	362	1	main	9	2.0000000000000000e+00	0.0000000000000000e+00	0.00000e+00	0.00000e+00	0.00000e+00	0.00000e+00	1.57323e+02	1.40985e+02	0.00000e+00	0.00000e+00	0.00000e+00	0.00000e+00	0.00000e+00	0.00000e+00	0.00000e+00	2.65174e+01	
